#PVF_File

10.0	20.0	30.0	40.0	40.0
0.0	60.0	150.0	200.0	200.0
0.0	40.0	80.0	120.0	120.0
0.0	20.0	40.0	60.0	60.0
5.0	5.0	5.0	5.0	5.0
2.0	2.0	2.0	2.0	2.0
50.0	100.0	180.0	240.0	240.0
2.5	5.0	10.0	15.0	15.0
1.6	1.6	1.6	1.6	1.6
6.0	6.0	6.0	6.0	6.0
0.0	100.0	150.0	200.0	200.0
0.3	0.4	0.5	0.5	0.5
0.6	0.6	0.6	0.6	0.6
0.0	10.0	20.0	30.0	0.0
50.0	100.0	200.0	0.0	20.0
30.0	70.0	0.0	30.0	60.0
100.0	1.0	1.7	2.4	3.0
1.0	1.0	1.0	1.0	0.0
50.0	100.0	150.0	0.0	10.0
20.0	30.0	1.0	1.25	1.5
1.75	1.0	1.1	1.15	1.3
0.0	200.0	400.0	600.0	0.0
0.0	0.0	0.0	0.0	0.0
0.0	0.0	0.0	10.0	20.0
30.0	0.0	50.0	100.0	200.0
0.0	20.0	30.0	70.0	0.0
30.0	60.0	100.0	1.0	1.5
2.0	2.5	1.0	1.0	1.0
1.0	0.0	50.0	100.0	150.0
0.0	10.0	20.0	30.0	1.0
1.0	1.0	1.0	1.0	1.0
1.0	1.0	0.0	200.0	400.0
600.0	0.0	0.0	0.0	0.0
0.0	0.0	0.0	0.0	
[dungeon party balance]
	1	50
	0.0	0.0	0.0	0.0
	0.0	0.0	0.0	0.0
	0.0	0.0	0.0	0.0
	0.0	0.0	0.0	0.0
	1.0	1.1	1.3	1.5
	1.0	1.0	1.0	1.0
	0.0	0.0	0.0	0.0
	0.0	0.0	0.0	0.0
	1.0	1.1	1.2	1.3
	1.0	1.0	1.0	1.0
	0.0	0.0	0.0	0.0
	0.0	0.0	0.0	0.0
	0.0	0.0	0.0	0.0
	51	60
	0.0	0.0	0.0	0.0
	0.0	0.0	0.0	0.0
	0.0	0.0	0.0	0.0
	0.0	0.0	0.0	0.0
	1.0	1.3	1.5	1.7
	1.0	1.0	1.0	1.0
	0.0	10.0	20.0	30.0
	0.0	0.0	0.0	0.0
	1.0	1.1	1.2	1.3
	1.0	1.0	1.0	1.0
	0.0	0.0	0.0	0.0
	0.0	0.0	0.0	0.0
	0.0	0.0	0.0	0.0
	61	70
	0.0	0.0	0.0	0.0
	0.0	0.0	0.0	0.0
	0.0	0.0	0.0	0.0
	0.0	10.0	20.0	30.0
	1.0	1.4	1.6	1.8
	1.0	1.0	1.0	1.0
	0.0	20.0	40.0	60.0
	0.0	0.0	0.0	0.0
	1.0	1.1	1.2	1.3
	1.0	1.0	1.0	1.0
	0.0	0.0	0.0	0.0
	0.0	0.0	0.0	0.0
	0.0	0.0	0.0	0.0
	71	90
	0.0	0.0	0.0	0.0
	0.0	0.0	0.0	0.0
	0.0	0.0	0.0	0.0
	0.0	10.0	20.0	30.0
	1.0	1.4	1.6	1.8
	1.0	1.0	1.0	1.0
	0.0	20.0	40.0	60.0
	0.0	0.0	0.0	0.0
	1.0	1.1	1.2	1.3
	1.0	1.0	1.0	1.0
	0.0	0.0	0.0	0.0
	0.0	0.0	0.0	0.0
	0.0	0.0	0.0	0.0
	91	200
	0.0	0.0	0.0	0.0
	0.0	0.0	0.0	0.0
	0.0	0.0	0.0	0.0
	0.0	10.0	20.0	30.0
	1.0	1.4	1.6	1.8
	1.0	1.0	1.0	1.0
	0.0	20.0	40.0	60.0
	0.0	0.0	0.0	0.0
	1.0	1.1	1.2	1.3
	1.0	1.0	1.0	1.0
	0.0	0.0	0.0	0.0
	0.0	0.0	0.0	0.0
	0.0	0.0	0.0	0.0
[/dungeon party balance]

[easy]
	1	1	1	1	1	1	1	1	1	1	1	1	1	1
	2	1	1	1	1	1	1	1	1	1	1	1	1	1
	3	1	1	1	1	1	1	1	1	1	1	1	1	1
	4	1	1	1	1	1	1	1	1	1	1	1	1	1
	5	1	1	1	1	1	1	1	1	1	1	1	1	1
	6	1	1	1	1	1	1	1	1	1	1	1	1	1
	7	1	1	1	1	1	1	1	1	1	1	1	1	1
	8	1	1	1	1	1	1	1	1	1	1	1	1	1
	9	1	1	1	1	1	1	1	1	1	1	1	1	1
	10	1	1	1	1	1	1	1	1	1	1	1	1	1
	11	1	1	1	1	1	1	1	1	1	1	1	1	1
	12	1	1	1	1	1	1	1	1	1	1	1	1	1
	13	1	1	1	1	1	1	1	1	1	1	1	1	1
	14	1	1	1	1	1	1	1	1	1	1	1	1	1
	15	1	1	1	1	1	1	1	1	1	1	1	1	1
	16	1	1	1	1	1	1	1	1	1	1	1	1	1
	17	1	1	1	1	1	1	1	1	1	1	1	1	1
	18	1	1	1	1	1	1	1	1	1	1	1	1	1
	19	1	1	1	1	1	1	1	1	1	1	1	1	1
	20	1	1	1	1	1	1	1	1	1	1	1	1	1
	21	1	1	1	1	1	1	1	1	1	1	1	1	1
	22	1	1	1	1	1	1	1	1	1	1	1	1	1
	23	1	1	1	1	1	1	1	1	1	1	1	1	1
	24	1	1	1	1	1	1	1	1	1	1	1	1	1
	25	1	1	1	1	1	1	1	1	1	1	1	1	1
	26	1	1	1	1	1	1	1	1	1	1	1	1	1
	27	1	1	1	1	1	1	1	1	1	1	1	1	1
	28	1	1	1	1	1	1	1	1	1	1	1	1	1
	29	1	1	1	1	1	1	1	1	1	1	1	1	1
	30	1	1	1	1	1	1	1	1	1	1	1	1	1
	31	1	1	1	1	1	1	1	1	1	1	1	1	1
	32	1	1	1	1	1	1	1	1	1	1	1	1	1
	33	1	1	1	1	1	1	1	1	1	1	1	1	1
	34	1	1	1	1	1	1	1	1	1	1	1	1	1
	35	1	1	1	1	1	1	1	1	1	1	1	1	1
	36	1	1	1	1	1	1	1	1	1	1	1	1	1
	37	1	1	1	1	1	1	1	1	1	1	1	1	1
	38	1	1	1	1	1	1	1	1	1	1	1	1	1
	39	1	1	1	1	1	1	1	1	1	1	1	1	1
	40	1	1	1	1	1	1	1	1	1	1	1	1	1
	41	1	1	1	1	1	1	1	1	1	1	1	1	1
	42	1	1	1	1	1	1	1	1	1	1	1	1	1
	43	1	1	1	1	1	1	1	1	1	1	1	1	1
	44	1	1	1	1	1	1	1	1	1	1	1	1	1
	45	1	1	1	1	1	1	1	1	1	1	1	1	1
	46	1	1	1	1	1	1	1	1	1	1	1	1	1
	47	1	1	1	1	1	1	1	1	1	1	1	1	1
	48	1	1	1	1	1	1	1	1	1	1	1	1	1
	49	1	1	1	1	1	1	1	1	1	1	1	1	1
	50	1	1	1	1	1	1	1	1	1	1	1	1	1
	51	1	1	1	1	1	1	1	1	1	1	1	1	1
	52	1	1	1	1	1	1	1	1	1	1	1	1	1
	53	1	1	1	1	1	1	1	1	1	1	1	1	1
	54	1	1	1	1	1	1	1	1	1	1	1	1	1
	55	1	1	1	1	1	1	1	1	1	1	1	1	1
	56	1	1	1	1	1	1	1	1	1	1	1	1	1
	57	1	1	1	1	1	1	1	1	1	1	1	1	1
	58	1	1	1	1	1	1	1	1	1	1	1	1	1
	59	1	1	1	1	1	1	1	1	1	1	1	1	1
	60	1	1	1	1	1	1	1	1	1	1	1	1	1
	61	1	1	1	1	1	1	1	1	1	1	1	1	1
	62	1	1	1	1	1	1	1	1	1	1	1	1	1
	63	1	1	1	1	1	1	1	1	1	1	1	1	1
	64	1	1	1	1	1	1	1	1	1	1	1	1	1
	65	1	1	1	1	1	1	1	1	1	1	1	1	1
	66	1	1	1	1	1	1	1	1	1	1	1	1	1
	67	1	1	1	1	1	1	1	1	1	1	1	1	1
	68	1	1	1	1	1	1	1	1	1	1	1	1	1
	69	1	1	1	1	1	1	1	1	1	1	1	1	1
	70	1	1	1	1	1	1	1	1	1	1	1	1	1
	71	1	1	1	1	1	1	1	1	1	1	1	1	1
	72	1	1	1	1	1	1	1	1	1	1	1	1	1
	73	1	1	1	1	1	1	1	1	1	1	1	1	1
	74	1	1	1	1	1	1	1	1	1	1	1	1	1
	75	1	1	1	1	1	1	1	1	1	1	1	1	1
	76	1	1	1	1	1	1	1	1	1	1	1	1	1
	77	1	1	1	1	1	1	1	1	1	1	1	1	1
	78	1	1	1	1	1	1	1	1	1	1	1	1	1
	79	1	1	1	1	1	1	1	1	1	1	1	1	1
	80	1	1	1	1	1	1	1	1	1	1	1	1	1
	81	1	1	1	1	1	1	1	1	1	1	1	1	1
	82	1	1	1	1	1	1	1	1	1	1	1	1	1
	83	1	1	1	1	1	1	1	1	1	1	1	1	1
	84	1	1	1	1	1	1	1	1	1	1	1	1	1
	85	1	1	1	1	1	1	1	1	1	1	1	1	1
	86	1	1	1	1	1	1	1	1	1	1	1	1	1
	87	1	1	1	1	1	1	1	1	1	1	1	1	1
	88	1	1	1	1	1	1	1	1	1	1	1	1	1
	89	1	1	1	1	1	1	1	1	1	1	1	1	1
	90	1	1	1	1	1	1	1	1	1	1	1	1	1
	91	1	1	1	1	1	1	1	1	1	1	1	1	1
	92	1	1	1	1	1	1	1	1	1	1	1	1	1
	93	1	1	1	1	1	1	1	1	1	1	1	1	1
	94	1	1	1	1	1	1	1	1	1	1	1	1	1
	95	1	1	1	1	1	1	1	1	1	1	1	1	1
	96	1	1	1	1	1	1	1	1	1	1	1	1	1
	97	1	1	1	1	1	1	1	1	1	1	1	1	1
	98	1	1	1	1	1	1	1	1	1	1	1	1	1
	99	1	1	1	1	1	1	1	1	1	1	1	1	1
	100	1	1	1	1	1	1	1	1	1	1	1	1	1
	101	1	1	1	1	1	1	1	1	1	1	1	1	1
	102	1	1	1	1	1	1	1	1	1	1	1	1	1
	103	1	1	1	1	1	1	1	1	1	1	1	1	1
	104	1	1	1	1	1	1	1	1	1	1	1	1	1
	105	1	1	1	1	1	1	1	1	1	1	1	1	1
	106	1	1	1	1	1	1	1	1	1	1	1	1	1
	107	1	1	1	1	1	1	1	1	1	1	1	1	1
	108	1	1	1	1	1	1	1	1	1	1	1	1	1
	109	1	1	1	1	1	1	1	1	1	1	1	1	1
	110	1	1	1	1	1	1	1	1	1	1	1	1	1
	111	1	1	1	1	1	1	1	1	1	1	1	1	1
	112	1	1	1	1	1	1	1	1	1	1	1	1	1
	113	1	1	1	1	1	1	1	1	1	1	1	1	1
	114	1	1	1	1	1	1	1	1	1	1	1	1	1
	115	1	1	1	1	1	1	1	1	1	1	1	1	1
	116	1	1	1	1	1	1	1	1	1	1	1	1	1
	117	1	1	1	1	1	1	1	1	1	1	1	1	1
	118	1	1	1	1	1	1	1	1	1	1	1	1	1
	119	1	1	1	1	1	1	1	1	1	1	1	1	1
	120	1	1	1	1	1	1	1	1	1	1	1	1	1
	121	1	1	1	1	1	1	1	1	1	1	1	1	1
	122	1	1	1	1	1	1	1	1	1	1	1	1	1
	123	1	1	1	1	1	1	1	1	1	1	1	1	1
	124	1	1	1	1	1	1	1	1	1	1	1	1	1
	125	1	1	1	1	1	1	1	1	1	1	1	1	1
	126	1	1	1	1	1	1	1	1	1	1	1	1	1
	127	1	1	1	1	1	1	1	1	1	1	1	1	1
	128	1	1	1	1	1	1	1	1	1	1	1	1	1
	129	1	1	1	1	1	1	1	1	1	1	1	1	1
	130	1	1	1	1	1	1	1	1	1	1	1	1	1
	131	1	1	1	1	1	1	1	1	1	1	1	1	1
	132	1	1	1	1	1	1	1	1	1	1	1	1	1
	133	1	1	1	1	1	1	1	1	1	1	1	1	1
	134	1	1	1	1	1	1	1	1	1	1	1	1	1
	135	1	1	1	1	1	1	1	1	1	1	1	1	1
	136	1	1	1	1	1	1	1	1	1	1	1	1	1
	137	1	1	1	1	1	1	1	1	1	1	1	1	1
	138	1	1	1	1	1	1	1	1	1	1	1	1	1
	139	1	1	1	1	1	1	1	1	1	1	1	1	1
	140	1	1	1	1	1	1	1	1	1	1	1	1	1
	141	1	1	1	1	1	1	1	1	1	1	1	1	1
	142	1	1	1	1	1	1	1	1	1	1	1	1	1
	143	1	1	1	1	1	1	1	1	1	1	1	1	1
	144	1	1	1	1	1	1	1	1	1	1	1	1	1
	145	1	1	1	1	1	1	1	1	1	1	1	1	1
	146	1	1	1	1	1	1	1	1	1	1	1	1	1
	147	1	1	1	1	1	1	1	1	1	1	1	1	1
	148	1	1	1	1	1	1	1	1	1	1	1	1	1
	149	1	1	1	1	1	1	1	1	1	1	1	1	1
	150	1	1	1	1	1	1	1	1	1	1	1	1	1
	151	1	1	1	1	1	1	1	1	1	1	1	1	1
	152	1	1	1	1	1	1	1	1	1	1	1	1	1
	153	1	1	1	1	1	1	1	1	1	1	1	1	1
	154	1	1	1	1	1	1	1	1	1	1	1	1	1
	155	1	1	1	1	1	1	1	1	1	1	1	1	1
	156	1	1	1	1	1	1	1	1	1	1	1	1	1
	157	1	1	1	1	1	1	1	1	1	1	1	1	1
	158	1	1	1	1	1	1	1	1	1	1	1	1	1
	159	1	1	1	1	1	1	1	1	1	1	1	1	1
	160	1	1	1	1	1	1	1	1	1	1	1	1	1
	161	1	1	1	1	1	1	1	1	1	1	1	1	1
	162	1	1	1	1	1	1	1	1	1	1	1	1	1
	163	1	1	1	1	1	1	1	1	1	1	1	1	1
	164	1	1	1	1	1	1	1	1	1	1	1	1	1
	165	1	1	1	1	1	1	1	1	1	1	1	1	1
	166	1	1	1	1	1	1	1	1	1	1	1	1	1
	167	1	1	1	1	1	1	1	1	1	1	1	1	1
	168	1	1	1	1	1	1	1	1	1	1	1	1	1
	169	1	1	1	1	1	1	1	1	1	1	1	1	1
	170	1	1	1	1	1	1	1	1	1	1	1	1	1
	171	1	1	1	1	1	1	1	1	1	1	1	1	1
	172	1	1	1	1	1	1	1	1	1	1	1	1	1
	173	1	1	1	1	1	1	1	1	1	1	1	1	1
	174	1	1	1	1	1	1	1	1	1	1	1	1	1
	175	1	1	1	1	1	1	1	1	1	1	1	1	1
	176	1	1	1	1	1	1	1	1	1	1	1	1	1
	177	1	1	1	1	1	1	1	1	1	1	1	1	1
	178	1	1	1	1	1	1	1	1	1	1	1	1	1
	179	1	1	1	1	1	1	1	1	1	1	1	1	1
	180	1	1	1	1	1	1	1	1	1	1	1	1	1
	181	1	1	1	1	1	1	1	1	1	1	1	1	1
	182	1	1	1	1	1	1	1	1	1	1	1	1	1
	183	1	1	1	1	1	1	1	1	1	1	1	1	1
	184	1	1	1	1	1	1	1	1	1	1	1	1	1
	185	1	1	1	1	1	1	1	1	1	1	1	1	1
	186	1	1	1	1	1	1	1	1	1	1	1	1	1
	187	1	1	1	1	1	1	1	1	1	1	1	1	1
	188	1	1	1	1	1	1	1	1	1	1	1	1	1
	189	1	1	1	1	1	1	1	1	1	1	1	1	1
	190	1	1	1	1	1	1	1	1	1	1	1	1	1
	191	1	1	1	1	1	1	1	1	1	1	1	1	1
	192	1	1	1	1	1	1	1	1	1	1	1	1	1
	193	1	1	1	1	1	1	1	1	1	1	1	1	1
	194	1	1	1	1	1	1	1	1	1	1	1	1	1
	195	1	1	1	1	1	1	1	1	1	1	1	1	1
	196	1	1	1	1	1	1	1	1	1	1	1	1	1
	197	1	1	1	1	1	1	1	1	1	1	1	1	1
	198	1	1	1	1	1	1	1	1	1	1	1	1	1
	199	1	1	1	1	1	1	1	1	1	1	1	1	1
	200	1	1	1	1	1	1	1	1	1	1	1	1	1
[/easy]

[medium]
	1	1	1	1	1	1	1	1	1	1	1	1	1	1
	2	1	1	1	1	1	1	1	1	1	1	1	1	1
	3	1	1	1	1	1	1	1	1	1	1	1	1	1
	4	1	1	1	1	1	1	1	1	1	1	1	1	1
	5	1	1	1	1	1	1	1	1	1	1	1	1	1
	6	1	1	1	1	1	1	1	1	1	1	1	1	1
	7	1	1	1	1	1	1	1	1	1	1	1	1	1
	8	1	1	1	1	1	1	1	1	1	1	1	1	1
	9	1	1	1	1	1	1	1	1	1	1	1	1	1
	10	1	1	1	1	1	1	1	1	1	1	1	1	1
	11	1	1	1	1	1	1	1	1	1	1	1	1	1
	12	1	1	1	1	1	1	1	1	1	1	1	1	1
	13	1	1	1	1	1	1	1	1	1	1	1	1	1
	14	1	1	1	1	1	1	1	1	1	1	1	1	1
	15	1	1	1	1	1	1	1	1	1	1	1	1	1
	16	1	1	1	1	1	1	1	1	1	1	1	1	1
	17	1	1	1	1	1	1	1	1	1	1	1	1	1
	18	1	1	1	1	1	1	1	1	1	1	1	1	1
	19	1	1	1	1	1	1	1	1	1	1	1	1	1
	20	1	1	1	1	1	1	1	1	1	1	1	1	1
	21	1	1	1	1	1	1	1	1	1	1	1	1	1
	22	1	1	1	1	1	1	1	1	1	1	1	1	1
	23	1	1	1	1	1	1	1	1	1	1	1	1	1
	24	1	1	1	1	1	1	1	1	1	1	1	1	1
	25	1	1	1	1	1	1	1	1	1	1	1	1	1
	26	1	1	1	1	1	1	1	1	1	1	1	1	1
	27	1	1	1	1	1	1	1	1	1	1	1	1	1
	28	1	1	1	1	1	1	1	1	1	1	1	1	1
	29	1	1	1	1	1	1	1	1	1	1	1	1	1
	30	1	1	1	1	1	1	1	1	1	1	1	1	1
	31	1	1	1	1	1	1	1	1	1	1	1	1	1
	32	1	1	1	1	1	1	1	1	1	1	1	1	1
	33	1	1	1	1	1	1	1	1	1	1	1	1	1
	34	1	1	1	1	1	1	1	1	1	1	1	1	1
	35	1	1	1	1	1	1	1	1	1	1	1	1	1
	36	1	1	1	1	1	1	1	1	1	1	1	1	1
	37	1	1	1	1	1	1	1	1	1	1	1	1	1
	38	1	1	1	1	1	1	1	1	1	1	1	1	1
	39	1	1	1	1	1	1	1	1	1	1	1	1	1
	40	1	1	1	1	1	1	1	1	1	1	1	1	1
	41	1	1	1	1	1	1	1	1	1	1	1	1	1
	42	1	1	1	1	1	1	1	1	1	1	1	1	1
	43	1	1	1	1	1	1	1	1	1	1	1	1	1
	44	1	1	1	1	1	1	1	1	1	1	1	1	1
	45	1	1	1	1	1	1	1	1	1	1	1	1	1
	46	1	1	1	1	1	1	1	1	1	1	1	1	1
	47	1	1	1	1	1	1	1	1	1	1	1	1	1
	48	1	1	1	1	1	1	1	1	1	1	1	1	1
	49	1	1	1	1	1	1	1	1	1	1	1	1	1
	50	1	1	1	1	1	1	1	1	1	1	1	1	1
	51	1	1	1	1	1	1	1	1	1	1	1	1	1
	52	1	1	1	1	1	1	1	1	1	1	1	1	1
	53	1	1	1	1	1	1	1	1	1	1	1	1	1
	54	1	1	1	1	1	1	1	1	1	1	1	1	1
	55	1	1	1	1	1	1	1	1	1	1	1	1	1
	56	1	1	1	1	1	1	1	1	1	1	1	1	1
	57	1	1	1	1	1	1	1	1	1	1	1	1	1
	58	1	1	1	1	1	1	1	1	1	1	1	1	1
	59	1	1	1	1	1	1	1	1	1	1	1	1	1
	60	1	1	1	1	1	1	1	1	1	1	1	1	1
	61	1	1	1	1	1	1	1	1	1	1	1	1	1
	62	1	1	1	1	1	1	1	1	1	1	1	1	1
	63	1	1	1	1	1	1	1	1	1	1	1	1	1
	64	1	1	1	1	1	1	1	1	1	1	1	1	1
	65	1	1	1	1	1	1	1	1	1	1	1	1	1
	66	1	1	1	1	1	1	1	1	1	1	1	1	1
	67	1	1	1	1	1	1	1	1	1	1	1	1	1
	68	1	1	1	1	1	1	1	1	1	1	1	1	1
	69	1	1	1	1	1	1	1	1	1	1	1	1	1
	70	1	1	1	1	1	1	1	1	1	1	1	1	1
	71	1	1	1	1	1	1	1	1	1	1	1	1	1
	72	1	1	1	1	1	1	1	1	1	1	1	1	1
	73	1	1	1	1	1	1	1	1	1	1	1	1	1
	74	1	1	1	1	1	1	1	1	1	1	1	1	1
	75	1	1	1	1	1	1	1	1	1	1	1	1	1
	76	1	1	1	1	1	1	1	1	1	1	1	1	1
	77	1	1	1	1	1	1	1	1	1	1	1	1	1
	78	1	1	1	1	1	1	1	1	1	1	1	1	1
	79	1	1	1	1	1	1	1	1	1	1	1	1	1
	80	1	1	1	1	1	1	1	1	1	1	1	1	1
	81	1	1	1	1	1	1	1	1	1	1	1	1	1
	82	1	1	1	1	1	1	1	1	1	1	1	1	1
	83	1	1	1	1	1	1	1	1	1	1	1	1	1
	84	1	1	1	1	1	1	1	1	1	1	1	1	1
	85	1	1	1	1	1	1	1	1	1	1	1	1	1
	86	1	1	1	1	1	1	1	1	1	1	1	1	1
	87	1	1	1	1	1	1	1	1	1	1	1	1	1
	88	1	1	1	1	1	1	1	1	1	1	1	1	1
	89	1	1	1	1	1	1	1	1	1	1	1	1	1
	90	1	1	1	1	1	1	1	1	1	1	1	1	1
	91	1	1	1	1	1	1	1	1	1	1	1	1	1
	92	1	1	1	1	1	1	1	1	1	1	1	1	1
	93	1	1	1	1	1	1	1	1	1	1	1	1	1
	94	1	1	1	1	1	1	1	1	1	1	1	1	1
	95	1	1	1	1	1	1	1	1	1	1	1	1	1
	96	1	1	1	1	1	1	1	1	1	1	1	1	1
	97	1	1	1	1	1	1	1	1	1	1	1	1	1
	98	1	1	1	1	1	1	1	1	1	1	1	1	1
	99	1	1	1	1	1	1	1	1	1	1	1	1	1
	100	1	1	1	1	1	1	1	1	1	1	1	1	1
	101	1	1	1	1	1	1	1	1	1	1	1	1	1
	102	1	1	1	1	1	1	1	1	1	1	1	1	1
	103	1	1	1	1	1	1	1	1	1	1	1	1	1
	104	1	1	1	1	1	1	1	1	1	1	1	1	1
	105	1	1	1	1	1	1	1	1	1	1	1	1	1
	106	1	1	1	1	1	1	1	1	1	1	1	1	1
	107	1	1	1	1	1	1	1	1	1	1	1	1	1
	108	1	1	1	1	1	1	1	1	1	1	1	1	1
	109	1	1	1	1	1	1	1	1	1	1	1	1	1
	110	1	1	1	1	1	1	1	1	1	1	1	1	1
	111	1	1	1	1	1	1	1	1	1	1	1	1	1
	112	1	1	1	1	1	1	1	1	1	1	1	1	1
	113	1	1	1	1	1	1	1	1	1	1	1	1	1
	114	1	1	1	1	1	1	1	1	1	1	1	1	1
	115	1	1	1	1	1	1	1	1	1	1	1	1	1
	116	1	1	1	1	1	1	1	1	1	1	1	1	1
	117	1	1	1	1	1	1	1	1	1	1	1	1	1
	118	1	1	1	1	1	1	1	1	1	1	1	1	1
	119	1	1	1	1	1	1	1	1	1	1	1	1	1
	120	1	1	1	1	1	1	1	1	1	1	1	1	1
	121	1	1	1	1	1	1	1	1	1	1	1	1	1
	122	1	1	1	1	1	1	1	1	1	1	1	1	1
	123	1	1	1	1	1	1	1	1	1	1	1	1	1
	124	1	1	1	1	1	1	1	1	1	1	1	1	1
	125	1	1	1	1	1	1	1	1	1	1	1	1	1
	126	1	1	1	1	1	1	1	1	1	1	1	1	1
	127	1	1	1	1	1	1	1	1	1	1	1	1	1
	128	1	1	1	1	1	1	1	1	1	1	1	1	1
	129	1	1	1	1	1	1	1	1	1	1	1	1	1
	130	1	1	1	1	1	1	1	1	1	1	1	1	1
	131	1	1	1	1	1	1	1	1	1	1	1	1	1
	132	1	1	1	1	1	1	1	1	1	1	1	1	1
	133	1	1	1	1	1	1	1	1	1	1	1	1	1
	134	1	1	1	1	1	1	1	1	1	1	1	1	1
	135	1	1	1	1	1	1	1	1	1	1	1	1	1
	136	1	1	1	1	1	1	1	1	1	1	1	1	1
	137	1	1	1	1	1	1	1	1	1	1	1	1	1
	138	1	1	1	1	1	1	1	1	1	1	1	1	1
	139	1	1	1	1	1	1	1	1	1	1	1	1	1
	140	1	1	1	1	1	1	1	1	1	1	1	1	1
	141	1	1	1	1	1	1	1	1	1	1	1	1	1
	142	1	1	1	1	1	1	1	1	1	1	1	1	1
	143	1	1	1	1	1	1	1	1	1	1	1	1	1
	144	1	1	1	1	1	1	1	1	1	1	1	1	1
	145	1	1	1	1	1	1	1	1	1	1	1	1	1
	146	1	1	1	1	1	1	1	1	1	1	1	1	1
	147	1	1	1	1	1	1	1	1	1	1	1	1	1
	148	1	1	1	1	1	1	1	1	1	1	1	1	1
	149	1	1	1	1	1	1	1	1	1	1	1	1	1
	150	1	1	1	1	1	1	1	1	1	1	1	1	1
	151	1	1	1	1	1	1	1	1	1	1	1	1	1
	152	1	1	1	1	1	1	1	1	1	1	1	1	1
	153	1	1	1	1	1	1	1	1	1	1	1	1	1
	154	1	1	1	1	1	1	1	1	1	1	1	1	1
	155	1	1	1	1	1	1	1	1	1	1	1	1	1
	156	1	1	1	1	1	1	1	1	1	1	1	1	1
	157	1	1	1	1	1	1	1	1	1	1	1	1	1
	158	1	1	1	1	1	1	1	1	1	1	1	1	1
	159	1	1	1	1	1	1	1	1	1	1	1	1	1
	160	1	1	1	1	1	1	1	1	1	1	1	1	1
	161	1	1	1	1	1	1	1	1	1	1	1	1	1
	162	1	1	1	1	1	1	1	1	1	1	1	1	1
	163	1	1	1	1	1	1	1	1	1	1	1	1	1
	164	1	1	1	1	1	1	1	1	1	1	1	1	1
	165	1	1	1	1	1	1	1	1	1	1	1	1	1
	166	1	1	1	1	1	1	1	1	1	1	1	1	1
	167	1	1	1	1	1	1	1	1	1	1	1	1	1
	168	1	1	1	1	1	1	1	1	1	1	1	1	1
	169	1	1	1	1	1	1	1	1	1	1	1	1	1
	170	1	1	1	1	1	1	1	1	1	1	1	1	1
	171	1	1	1	1	1	1	1	1	1	1	1	1	1
	172	1	1	1	1	1	1	1	1	1	1	1	1	1
	173	1	1	1	1	1	1	1	1	1	1	1	1	1
	174	1	1	1	1	1	1	1	1	1	1	1	1	1
	175	1	1	1	1	1	1	1	1	1	1	1	1	1
	176	1	1	1	1	1	1	1	1	1	1	1	1	1
	177	1	1	1	1	1	1	1	1	1	1	1	1	1
	178	1	1	1	1	1	1	1	1	1	1	1	1	1
	179	1	1	1	1	1	1	1	1	1	1	1	1	1
	180	1	1	1	1	1	1	1	1	1	1	1	1	1
	181	1	1	1	1	1	1	1	1	1	1	1	1	1
	182	1	1	1	1	1	1	1	1	1	1	1	1	1
	183	1	1	1	1	1	1	1	1	1	1	1	1	1
	184	1	1	1	1	1	1	1	1	1	1	1	1	1
	185	1	1	1	1	1	1	1	1	1	1	1	1	1
	186	1	1	1	1	1	1	1	1	1	1	1	1	1
	187	1	1	1	1	1	1	1	1	1	1	1	1	1
	188	1	1	1	1	1	1	1	1	1	1	1	1	1
	189	1	1	1	1	1	1	1	1	1	1	1	1	1
	190	1	1	1	1	1	1	1	1	1	1	1	1	1
	191	1	1	1	1	1	1	1	1	1	1	1	1	1
	192	1	1	1	1	1	1	1	1	1	1	1	1	1
	193	1	1	1	1	1	1	1	1	1	1	1	1	1
	194	1	1	1	1	1	1	1	1	1	1	1	1	1
	195	1	1	1	1	1	1	1	1	1	1	1	1	1
	196	1	1	1	1	1	1	1	1	1	1	1	1	1
	197	1	1	1	1	1	1	1	1	1	1	1	1	1
	198	1	1	1	1	1	1	1	1	1	1	1	1	1
	199	1	1	1	1	1	1	1	1	1	1	1	1	1
	200	1	1	1	1	1	1	1	1	1	1	1	1	1
[/medium]

[hard]
	1	1	1	1	1	1	1	1	1	1	1	1	1	1
	2	1	1	1	1	1	1	1	1	1	1	1	1	1
	3	1	1	1	1	1	1	1	1	1	1	1	1	1
	4	1	1	1	1	1	1	1	1	1	1	1	1	1
	5	1	1	1	1	1	1	1	1	1	1	1	1	1
	6	1	1	1	1	1	1	1	1	1	1	1	1	1
	7	1	1	1	1	1	1	1	1	1	1	1	1	1
	8	1	1	1	1	1	1	1	1	1	1	1	1	1
	9	1	1	1	1	1	1	1	1	1	1	1	1	1
	10	1	1	1	1	1	1	1	1	1	1	1	1	1
	11	1	1	1	1	1	1	1	1	1	1	1	1	1
	12	1	1	1	1	1	1	1	1	1	1	1	1	1
	13	1	1	1	1	1	1	1	1	1	1	1	1	1
	14	1	1	1	1	1	1	1	1	1	1	1	1	1
	15	1	1	1	1	1	1	1	1	1	1	1	1	1
	16	1	1	1	1	1	1	1	1	1	1	1	1	1
	17	1	1	1	1	1	1	1	1	1	1	1	1	1
	18	1	1	1	1	1	1	1	1	1	1	1	1	1
	19	1	1	1	1	1	1	1	1	1	1	1	1	1
	20	1	1	1	1	1	1	1	1	1	1	1	1	1
	21	1	1	1	1	1	1	1	1	1	1	1	1	1
	22	1	1	1	1	1	1	1	1	1	1	1	1	1
	23	1	1	1	1	1	1	1	1	1	1	1	1	1
	24	1	1	1	1	1	1	1	1	1	1	1	1	1
	25	1	1	1	1	1	1	1	1	1	1	1	1	1
	26	1	1	1	1	1	1	1	1	1	1	1	1	1
	27	1	1	1	1	1	1	1	1	1	1	1	1	1
	28	1	1	1	1	1	1	1	1	1	1	1	1	1
	29	1	1	1	1	1	1	1	1	1	1	1	1	1
	30	1	1	1	1	1	1	1	1	1	1	1	1	1
	31	1	1	1	1	1	1	1	1	1	1	1	1	1
	32	1	1	1	1	1	1	1	1	1	1	1	1	1
	33	1	1	1	1	1	1	1	1	1	1	1	1	1
	34	1	1	1	1	1	1	1	1	1	1	1	1	1
	35	1	1	1	1	1	1	1	1	1	1	1	1	1
	36	1	1	1	1	1	1	1	1	1	1	1	1	1
	37	1	1	1	1	1	1	1	1	1	1	1	1	1
	38	1	1	1	1	1	1	1	1	1	1	1	1	1
	39	1	1	1	1	1	1	1	1	1	1	1	1	1
	40	1	1	1	1	1	1	1	1	1	1	1	1	1
	41	1	1	1	1	1	1	1	1	1	1	1	1	1
	42	1	1	1	1	1	1	1	1	1	1	1	1	1
	43	1	1	1	1	1	1	1	1	1	1	1	1	1
	44	1	1	1	1	1	1	1	1	1	1	1	1	1
	45	1	1	1	1	1	1	1	1	1	1	1	1	1
	46	1	1	1	1	1	1	1	1	1	1	1	1	1
	47	1	1	1	1	1	1	1	1	1	1	1	1	1
	48	1	1	1	1	1	1	1	1	1	1	1	1	1
	49	1	1	1	1	1	1	1	1	1	1	1	1	1
	50	1	1	1	1	1	1	1	1	1	1	1	1	1
	51	1	1	1	1	1	1	1	1	1	1	1	1	1
	52	1	1	1	1	1	1	1	1	1	1	1	1	1
	53	1	1	1	1	1	1	1	1	1	1	1	1	1
	54	1	1	1	1	1	1	1	1	1	1	1	1	1
	55	1	1	1	1	1	1	1	1	1	1	1	1	1
	56	1	1	1	1	1	1	1	1	1	1	1	1	1
	57	1	1	1	1	1	1	1	1	1	1	1	1	1
	58	1	1	1	1	1	1	1	1	1	1	1	1	1
	59	1	1	1	1	1	1	1	1	1	1	1	1	1
	60	1	1	1	1	1	1	1	1	1	1	1	1	1
	61	1	1	1	1	1	1	1	1	1	1	1	1	1
	62	1	1	1	1	1	1	1	1	1	1	1	1	1
	63	1	1	1	1	1	1	1	1	1	1	1	1	1
	64	1	1	1	1	1	1	1	1	1	1	1	1	1
	65	1	1	1	1	1	1	1	1	1	1	1	1	1
	66	1	1	1	1	1	1	1	1	1	1	1	1	1
	67	1	1	1	1	1	1	1	1	1	1	1	1	1
	68	1	1	1	1	1	1	1	1	1	1	1	1	1
	69	1	1	1	1	1	1	1	1	1	1	1	1	1
	70	1	1	1	1	1	1	1	1	1	1	1	1	1
	71	1	1	1	1	1	1	1	1	1	1	1	1	1
	72	1	1	1	1	1	1	1	1	1	1	1	1	1
	73	1	1	1	1	1	1	1	1	1	1	1	1	1
	74	1	1	1	1	1	1	1	1	1	1	1	1	1
	75	1	1	1	1	1	1	1	1	1	1	1	1	1
	76	1	1	1	1	1	1	1	1	1	1	1	1	1
	77	1	1	1	1	1	1	1	1	1	1	1	1	1
	78	1	1	1	1	1	1	1	1	1	1	1	1	1
	79	1	1	1	1	1	1	1	1	1	1	1	1	1
	80	1	1	1	1	1	1	1	1	1	1	1	1	1
	81	1	1	1	1	1	1	1	1	1	1	1	1	1
	82	1	1	1	1	1	1	1	1	1	1	1	1	1
	83	1	1	1	1	1	1	1	1	1	1	1	1	1
	84	1	1	1	1	1	1	1	1	1	1	1	1	1
	85	1	1	1	1	1	1	1	1	1	1	1	1	1
	86	1	1	1	1	1	1	1	1	1	1	1	1	1
	87	1	1	1	1	1	1	1	1	1	1	1	1	1
	88	1	1	1	1	1	1	1	1	1	1	1	1	1
	89	1	1	1	1	1	1	1	1	1	1	1	1	1
	90	1	1	1	1	1	1	1	1	1	1	1	1	1
	91	1	1	1	1	1	1	1	1	1	1	1	1	1
	92	1	1	1	1	1	1	1	1	1	1	1	1	1
	93	1	1	1	1	1	1	1	1	1	1	1	1	1
	94	1	1	1	1	1	1	1	1	1	1	1	1	1
	95	1	1	1	1	1	1	1	1	1	1	1	1	1
	96	1	1	1	1	1	1	1	1	1	1	1	1	1
	97	1	1	1	1	1	1	1	1	1	1	1	1	1
	98	1	1	1	1	1	1	1	1	1	1	1	1	1
	99	1	1	1	1	1	1	1	1	1	1	1	1	1
	100	1	1	1	1	1	1	1	1	1	1	1	1	1
	101	1	1	1	1	1	1	1	1	1	1	1	1	1
	102	1	1	1	1	1	1	1	1	1	1	1	1	1
	103	1	1	1	1	1	1	1	1	1	1	1	1	1
	104	1	1	1	1	1	1	1	1	1	1	1	1	1
	105	1	1	1	1	1	1	1	1	1	1	1	1	1
	106	1	1	1	1	1	1	1	1	1	1	1	1	1
	107	1	1	1	1	1	1	1	1	1	1	1	1	1
	108	1	1	1	1	1	1	1	1	1	1	1	1	1
	109	1	1	1	1	1	1	1	1	1	1	1	1	1
	110	1	1	1	1	1	1	1	1	1	1	1	1	1
	111	1	1	1	1	1	1	1	1	1	1	1	1	1
	112	1	1	1	1	1	1	1	1	1	1	1	1	1
	113	1	1	1	1	1	1	1	1	1	1	1	1	1
	114	1	1	1	1	1	1	1	1	1	1	1	1	1
	115	1	1	1	1	1	1	1	1	1	1	1	1	1
	116	1	1	1	1	1	1	1	1	1	1	1	1	1
	117	1	1	1	1	1	1	1	1	1	1	1	1	1
	118	1	1	1	1	1	1	1	1	1	1	1	1	1
	119	1	1	1	1	1	1	1	1	1	1	1	1	1
	120	1	1	1	1	1	1	1	1	1	1	1	1	1
	121	1	1	1	1	1	1	1	1	1	1	1	1	1
	122	1	1	1	1	1	1	1	1	1	1	1	1	1
	123	1	1	1	1	1	1	1	1	1	1	1	1	1
	124	1	1	1	1	1	1	1	1	1	1	1	1	1
	125	1	1	1	1	1	1	1	1	1	1	1	1	1
	126	1	1	1	1	1	1	1	1	1	1	1	1	1
	127	1	1	1	1	1	1	1	1	1	1	1	1	1
	128	1	1	1	1	1	1	1	1	1	1	1	1	1
	129	1	1	1	1	1	1	1	1	1	1	1	1	1
	130	1	1	1	1	1	1	1	1	1	1	1	1	1
	131	1	1	1	1	1	1	1	1	1	1	1	1	1
	132	1	1	1	1	1	1	1	1	1	1	1	1	1
	133	1	1	1	1	1	1	1	1	1	1	1	1	1
	134	1	1	1	1	1	1	1	1	1	1	1	1	1
	135	1	1	1	1	1	1	1	1	1	1	1	1	1
	136	1	1	1	1	1	1	1	1	1	1	1	1	1
	137	1	1	1	1	1	1	1	1	1	1	1	1	1
	138	1	1	1	1	1	1	1	1	1	1	1	1	1
	139	1	1	1	1	1	1	1	1	1	1	1	1	1
	140	1	1	1	1	1	1	1	1	1	1	1	1	1
	141	1	1	1	1	1	1	1	1	1	1	1	1	1
	142	1	1	1	1	1	1	1	1	1	1	1	1	1
	143	1	1	1	1	1	1	1	1	1	1	1	1	1
	144	1	1	1	1	1	1	1	1	1	1	1	1	1
	145	1	1	1	1	1	1	1	1	1	1	1	1	1
	146	1	1	1	1	1	1	1	1	1	1	1	1	1
	147	1	1	1	1	1	1	1	1	1	1	1	1	1
	148	1	1	1	1	1	1	1	1	1	1	1	1	1
	149	1	1	1	1	1	1	1	1	1	1	1	1	1
	150	1	1	1	1	1	1	1	1	1	1	1	1	1
	151	1	1	1	1	1	1	1	1	1	1	1	1	1
	152	1	1	1	1	1	1	1	1	1	1	1	1	1
	153	1	1	1	1	1	1	1	1	1	1	1	1	1
	154	1	1	1	1	1	1	1	1	1	1	1	1	1
	155	1	1	1	1	1	1	1	1	1	1	1	1	1
	156	1	1	1	1	1	1	1	1	1	1	1	1	1
	157	1	1	1	1	1	1	1	1	1	1	1	1	1
	158	1	1	1	1	1	1	1	1	1	1	1	1	1
	159	1	1	1	1	1	1	1	1	1	1	1	1	1
	160	1	1	1	1	1	1	1	1	1	1	1	1	1
	161	1	1	1	1	1	1	1	1	1	1	1	1	1
	162	1	1	1	1	1	1	1	1	1	1	1	1	1
	163	1	1	1	1	1	1	1	1	1	1	1	1	1
	164	1	1	1	1	1	1	1	1	1	1	1	1	1
	165	1	1	1	1	1	1	1	1	1	1	1	1	1
	166	1	1	1	1	1	1	1	1	1	1	1	1	1
	167	1	1	1	1	1	1	1	1	1	1	1	1	1
	168	1	1	1	1	1	1	1	1	1	1	1	1	1
	169	1	1	1	1	1	1	1	1	1	1	1	1	1
	170	1	1	1	1	1	1	1	1	1	1	1	1	1
	171	1	1	1	1	1	1	1	1	1	1	1	1	1
	172	1	1	1	1	1	1	1	1	1	1	1	1	1
	173	1	1	1	1	1	1	1	1	1	1	1	1	1
	174	1	1	1	1	1	1	1	1	1	1	1	1	1
	175	1	1	1	1	1	1	1	1	1	1	1	1	1
	176	1	1	1	1	1	1	1	1	1	1	1	1	1
	177	1	1	1	1	1	1	1	1	1	1	1	1	1
	178	1	1	1	1	1	1	1	1	1	1	1	1	1
	179	1	1	1	1	1	1	1	1	1	1	1	1	1
	180	1	1	1	1	1	1	1	1	1	1	1	1	1
	181	1	1	1	1	1	1	1	1	1	1	1	1	1
	182	1	1	1	1	1	1	1	1	1	1	1	1	1
	183	1	1	1	1	1	1	1	1	1	1	1	1	1
	184	1	1	1	1	1	1	1	1	1	1	1	1	1
	185	1	1	1	1	1	1	1	1	1	1	1	1	1
	186	1	1	1	1	1	1	1	1	1	1	1	1	1
	187	1	1	1	1	1	1	1	1	1	1	1	1	1
	188	1	1	1	1	1	1	1	1	1	1	1	1	1
	189	1	1	1	1	1	1	1	1	1	1	1	1	1
	190	1	1	1	1	1	1	1	1	1	1	1	1	1
	191	1	1	1	1	1	1	1	1	1	1	1	1	1
	192	1	1	1	1	1	1	1	1	1	1	1	1	1
	193	1	1	1	1	1	1	1	1	1	1	1	1	1
	194	1	1	1	1	1	1	1	1	1	1	1	1	1
	195	1	1	1	1	1	1	1	1	1	1	1	1	1
	196	1	1	1	1	1	1	1	1	1	1	1	1	1
	197	1	1	1	1	1	1	1	1	1	1	1	1	1
	198	1	1	1	1	1	1	1	1	1	1	1	1	1
	199	1	1	1	1	1	1	1	1	1	1	1	1	1
	200	1	1	1	1	1	1	1	1	1	1	1	1	1
[/hard]

[ultimate]
	1	1	1	1	1	1	1	1	1	1	1	1	1	1
	2	1	1	1	1	1	1	1	1	1	1	1	1	1
	3	1	1	1	1	1	1	1	1	1	1	1	1	1
	4	1	1	1	1	1	1	1	1	1	1	1	1	1
	5	1	1	1	1	1	1	1	1	1	1	1	1	1
	6	1	1	1	1	1	1	1	1	1	1	1	1	1
	7	1	1	1	1	1	1	1	1	1	1	1	1	1
	8	1	1	1	1	1	1	1	1	1	1	1	1	1
	9	1	1	1	1	1	1	1	1	1	1	1	1	1
	10	1	1	1	1	1	1	1	1	1	1	1	1	1
	11	1	1	1	1	1	1	1	1	1	1	1	1	1
	12	1	1	1	1	1	1	1	1	1	1	1	1	1
	13	1	1	1	1	1	1	1	1	1	1	1	1	1
	14	1	1	1	1	1	1	1	1	1	1	1	1	1
	15	1	1	1	1	1	1	1	1	1	1	1	1	1
	16	1	1	1	1	1	1	1	1	1	1	1	1	1
	17	1	1	1	1	1	1	1	1	1	1	1	1	1
	18	1	1	1	1	1	1	1	1	1	1	1	1	1
	19	1	1	1	1	1	1	1	1	1	1	1	1	1
	20	1	1	1	1	1	1	1	1	1	1	1	1	1
	21	1	1	1	1	1	1	1	1	1	1	1	1	1
	22	1	1	1	1	1	1	1	1	1	1	1	1	1
	23	1	1	1	1	1	1	1	1	1	1	1	1	1
	24	1	1	1	1	1	1	1	1	1	1	1	1	1
	25	1	1	1	1	1	1	1	1	1	1	1	1	1
	26	1	1	1	1	1	1	1	1	1	1	1	1	1
	27	1	1	1	1	1	1	1	1	1	1	1	1	1
	28	1	1	1	1	1	1	1	1	1	1	1	1	1
	29	1	1	1	1	1	1	1	1	1	1	1	1	1
	30	1	1	1	1	1	1	1	1	1	1	1	1	1
	31	1	1	1	1	1	1	1	1	1	1	1	1	1
	32	1	1	1	1	1	1	1	1	1	1	1	1	1
	33	1	1	1	1	1	1	1	1	1	1	1	1	1
	34	1	1	1	1	1	1	1	1	1	1	1	1	1
	35	1	1	1	1	1	1	1	1	1	1	1	1	1
	36	1	1	1	1	1	1	1	1	1	1	1	1	1
	37	1	1	1	1	1	1	1	1	1	1	1	1	1
	38	1	1	1	1	1	1	1	1	1	1	1	1	1
	39	1	1	1	1	1	1	1	1	1	1	1	1	1
	40	1	1	1	1	1	1	1	1	1	1	1	1	1
	41	1	1	1	1	1	1	1	1	1	1	1	1	1
	42	1	1	1	1	1	1	1	1	1	1	1	1	1
	43	1	1	1	1	1	1	1	1	1	1	1	1	1
	44	1	1	1	1	1	1	1	1	1	1	1	1	1
	45	1	1	1	1	1	1	1	1	1	1	1	1	1
	46	1	1	1	1	1	1	1	1	1	1	1	1	1
	47	1	1	1	1	1	1	1	1	1	1	1	1	1
	48	1	1	1	1	1	1	1	1	1	1	1	1	1
	49	1	1	1	1	1	1	1	1	1	1	1	1	1
	50	1	1	1	1	1	1	1	1	1	1	1	1	1
	51	1	1	1	1	1	1	1	1	1	1	1	1	1
	52	1	1	1	1	1	1	1	1	1	1	1	1	1
	53	1	1	1	1	1	1	1	1	1	1	1	1	1
	54	1	1	1	1	1	1	1	1	1	1	1	1	1
	55	1	1	1	1	1	1	1	1	1	1	1	1	1
	56	1	1	1	1	1	1	1	1	1	1	1	1	1
	57	1	1	1	1	1	1	1	1	1	1	1	1	1
	58	1	1	1	1	1	1	1	1	1	1	1	1	1
	59	1	1	1	1	1	1	1	1	1	1	1	1	1
	60	1	1	1	1	1	1	1	1	1	1	1	1	1
	61	1	1	1	1	1	1	1	1	1	1	1	1	1
	62	1	1	1	1	1	1	1	1	1	1	1	1	1
	63	1	1	1	1	1	1	1	1	1	1	1	1	1
	64	1	1	1	1	1	1	1	1	1	1	1	1	1
	65	1	1	1	1	1	1	1	1	1	1	1	1	1
	66	1	1	1	1	1	1	1	1	1	1	1	1	1
	67	1	1	1	1	1	1	1	1	1	1	1	1	1
	68	1	1	1	1	1	1	1	1	1	1	1	1	1
	69	1	1	1	1	1	1	1	1	1	1	1	1	1
	70	1	1	1	1	1	1	1	1	1	1	1	1	1
	71	1	1	1	1	1	1	1	1	1	1	1	1	1
	72	1	1	1	1	1	1	1	1	1	1	1	1	1
	73	1	1	1	1	1	1	1	1	1	1	1	1	1
	74	1	1	1	1	1	1	1	1	1	1	1	1	1
	75	1	1	1	1	1	1	1	1	1	1	1	1	1
	76	1	1	1	1	1	1	1	1	1	1	1	1	1
	77	1	1	1	1	1	1	1	1	1	1	1	1	1
	78	1	1	1	1	1	1	1	1	1	1	1	1	1
	79	1	1	1	1	1	1	1	1	1	1	1	1	1
	80	1	1	1	1	1	1	1	1	1	1	1	1	1
	81	1	1	1	1	1	1	1	1	1	1	1	1	1
	82	1	1	1	1	1	1	1	1	1	1	1	1	1
	83	1	1	1	1	1	1	1	1	1	1	1	1	1
	84	1	1	1	1	1	1	1	1	1	1	1	1	1
	85	1	1	1	1	1	1	1	1	1	1	1	1	1
	86	1	1	1	1	1	1	1	1	1	1	1	1	1
	87	1	1	1	1	1	1	1	1	1	1	1	1	1
	88	1	1	1	1	1	1	1	1	1	1	1	1	1
	89	1	1	1	1	1	1	1	1	1	1	1	1	1
	90	1	1	1	1	1	1	1	1	1	1	1	1	1
	91	1	1	1	1	1	1	1	1	1	1	1	1	1
	92	1	1	1	1	1	1	1	1	1	1	1	1	1
	93	1	1	1	1	1	1	1	1	1	1	1	1	1
	94	1	1	1	1	1	1	1	1	1	1	1	1	1
	95	1	1	1	1	1	1	1	1	1	1	1	1	1
	96	1	1	1	1	1	1	1	1	1	1	1	1	1
	97	1	1	1	1	1	1	1	1	1	1	1	1	1
	98	1	1	1	1	1	1	1	1	1	1	1	1	1
	99	1	1	1	1	1	1	1	1	1	1	1	1	1
	100	1	1	1	1	1	1	1	1	1	1	1	1	1
	101	1	1	1	1	1	1	1	1	1	1	1	1	1
	102	1	1	1	1	1	1	1	1	1	1	1	1	1
	103	1	1	1	1	1	1	1	1	1	1	1	1	1
	104	1	1	1	1	1	1	1	1	1	1	1	1	1
	105	1	1	1	1	1	1	1	1	1	1	1	1	1
	106	1	1	1	1	1	1	1	1	1	1	1	1	1
	107	1	1	1	1	1	1	1	1	1	1	1	1	1
	108	1	1	1	1	1	1	1	1	1	1	1	1	1
	109	1	1	1	1	1	1	1	1	1	1	1	1	1
	110	1	1	1	1	1	1	1	1	1	1	1	1	1
	111	1	1	1	1	1	1	1	1	1	1	1	1	1
	112	1	1	1	1	1	1	1	1	1	1	1	1	1
	113	1	1	1	1	1	1	1	1	1	1	1	1	1
	114	1	1	1	1	1	1	1	1	1	1	1	1	1
	115	1	1	1	1	1	1	1	1	1	1	1	1	1
	116	1	1	1	1	1	1	1	1	1	1	1	1	1
	117	1	1	1	1	1	1	1	1	1	1	1	1	1
	118	1	1	1	1	1	1	1	1	1	1	1	1	1
	119	1	1	1	1	1	1	1	1	1	1	1	1	1
	120	1	1	1	1	1	1	1	1	1	1	1	1	1
	121	1	1	1	1	1	1	1	1	1	1	1	1	1
	122	1	1	1	1	1	1	1	1	1	1	1	1	1
	123	1	1	1	1	1	1	1	1	1	1	1	1	1
	124	1	1	1	1	1	1	1	1	1	1	1	1	1
	125	1	1	1	1	1	1	1	1	1	1	1	1	1
	126	1	1	1	1	1	1	1	1	1	1	1	1	1
	127	1	1	1	1	1	1	1	1	1	1	1	1	1
	128	1	1	1	1	1	1	1	1	1	1	1	1	1
	129	1	1	1	1	1	1	1	1	1	1	1	1	1
	130	1	1	1	1	1	1	1	1	1	1	1	1	1
	131	1	1	1	1	1	1	1	1	1	1	1	1	1
	132	1	1	1	1	1	1	1	1	1	1	1	1	1
	133	1	1	1	1	1	1	1	1	1	1	1	1	1
	134	1	1	1	1	1	1	1	1	1	1	1	1	1
	135	1	1	1	1	1	1	1	1	1	1	1	1	1
	136	1	1	1	1	1	1	1	1	1	1	1	1	1
	137	1	1	1	1	1	1	1	1	1	1	1	1	1
	138	1	1	1	1	1	1	1	1	1	1	1	1	1
	139	1	1	1	1	1	1	1	1	1	1	1	1	1
	140	1	1	1	1	1	1	1	1	1	1	1	1	1
	141	1	1	1	1	1	1	1	1	1	1	1	1	1
	142	1	1	1	1	1	1	1	1	1	1	1	1	1
	143	1	1	1	1	1	1	1	1	1	1	1	1	1
	144	1	1	1	1	1	1	1	1	1	1	1	1	1
	145	1	1	1	1	1	1	1	1	1	1	1	1	1
	146	1	1	1	1	1	1	1	1	1	1	1	1	1
	147	1	1	1	1	1	1	1	1	1	1	1	1	1
	148	1	1	1	1	1	1	1	1	1	1	1	1	1
	149	1	1	1	1	1	1	1	1	1	1	1	1	1
	150	1	1	1	1	1	1	1	1	1	1	1	1	1
	151	1	1	1	1	1	1	1	1	1	1	1	1	1
	152	1	1	1	1	1	1	1	1	1	1	1	1	1
	153	1	1	1	1	1	1	1	1	1	1	1	1	1
	154	1	1	1	1	1	1	1	1	1	1	1	1	1
	155	1	1	1	1	1	1	1	1	1	1	1	1	1
	156	1	1	1	1	1	1	1	1	1	1	1	1	1
	157	1	1	1	1	1	1	1	1	1	1	1	1	1
	158	1	1	1	1	1	1	1	1	1	1	1	1	1
	159	1	1	1	1	1	1	1	1	1	1	1	1	1
	160	1	1	1	1	1	1	1	1	1	1	1	1	1
	161	1	1	1	1	1	1	1	1	1	1	1	1	1
	162	1	1	1	1	1	1	1	1	1	1	1	1	1
	163	1	1	1	1	1	1	1	1	1	1	1	1	1
	164	1	1	1	1	1	1	1	1	1	1	1	1	1
	165	1	1	1	1	1	1	1	1	1	1	1	1	1
	166	1	1	1	1	1	1	1	1	1	1	1	1	1
	167	1	1	1	1	1	1	1	1	1	1	1	1	1
	168	1	1	1	1	1	1	1	1	1	1	1	1	1
	169	1	1	1	1	1	1	1	1	1	1	1	1	1
	170	1	1	1	1	1	1	1	1	1	1	1	1	1
	171	1	1	1	1	1	1	1	1	1	1	1	1	1
	172	1	1	1	1	1	1	1	1	1	1	1	1	1
	173	1	1	1	1	1	1	1	1	1	1	1	1	1
	174	1	1	1	1	1	1	1	1	1	1	1	1	1
	175	1	1	1	1	1	1	1	1	1	1	1	1	1
	176	1	1	1	1	1	1	1	1	1	1	1	1	1
	177	1	1	1	1	1	1	1	1	1	1	1	1	1
	178	1	1	1	1	1	1	1	1	1	1	1	1	1
	179	1	1	1	1	1	1	1	1	1	1	1	1	1
	180	1	1	1	1	1	1	1	1	1	1	1	1	1
	181	1	1	1	1	1	1	1	1	1	1	1	1	1
	182	1	1	1	1	1	1	1	1	1	1	1	1	1
	183	1	1	1	1	1	1	1	1	1	1	1	1	1
	184	1	1	1	1	1	1	1	1	1	1	1	1	1
	185	1	1	1	1	1	1	1	1	1	1	1	1	1
	186	1	1	1	1	1	1	1	1	1	1	1	1	1
	187	1	1	1	1	1	1	1	1	1	1	1	1	1
	188	1	1	1	1	1	1	1	1	1	1	1	1	1
	189	1	1	1	1	1	1	1	1	1	1	1	1	1
	190	1	1	1	1	1	1	1	1	1	1	1	1	1
	191	1	1	1	1	1	1	1	1	1	1	1	1	1
	192	1	1	1	1	1	1	1	1	1	1	1	1	1
	193	1	1	1	1	1	1	1	1	1	1	1	1	1
	194	1	1	1	1	1	1	1	1	1	1	1	1	1
	195	1	1	1	1	1	1	1	1	1	1	1	1	1
	196	1	1	1	1	1	1	1	1	1	1	1	1	1
	197	1	1	1	1	1	1	1	1	1	1	1	1	1
	198	1	1	1	1	1	1	1	1	1	1	1	1	1
	199	1	1	1	1	1	1	1	1	1	1	1	1	1
	200	1	1	1	1	1	1	1	1	1	1	1	1	1
[/ultimate]

[hero]
	1	1	1	1	1	1	1	1	1	1	1	1	1	1
	2	1	1	1	1	1	1	1	1	1	1	1	1	1
	3	1	1	1	1	1	1	1	1	1	1	1	1	1
	4	1	1	1	1	1	1	1	1	1	1	1	1	1
	5	1	1	1	1	1	1	1	1	1	1	1	1	1
	6	1	1	1	1	1	1	1	1	1	1	1	1	1
	7	1	1	1	1	1	1	1	1	1	1	1	1	1
	8	1	1	1	1	1	1	1	1	1	1	1	1	1
	9	1	1	1	1	1	1	1	1	1	1	1	1	1
	10	1	1	1	1	1	1	1	1	1	1	1	1	1
	11	1	1	1	1	1	1	1	1	1	1	1	1	1
	12	1	1	1	1	1	1	1	1	1	1	1	1	1
	13	1	1	1	1	1	1	1	1	1	1	1	1	1
	14	1	1	1	1	1	1	1	1	1	1	1	1	1
	15	1	1	1	1	1	1	1	1	1	1	1	1	1
	16	1	1	1	1	1	1	1	1	1	1	1	1	1
	17	1	1	1	1	1	1	1	1	1	1	1	1	1
	18	1	1	1	1	1	1	1	1	1	1	1	1	1
	19	1	1	1	1	1	1	1	1	1	1	1	1	1
	20	1	1	1	1	1	1	1	1	1	1	1	1	1
	21	1	1	1	1	1	1	1	1	1	1	1	1	1
	22	1	1	1	1	1	1	1	1	1	1	1	1	1
	23	1	1	1	1	1	1	1	1	1	1	1	1	1
	24	1	1	1	1	1	1	1	1	1	1	1	1	1
	25	1	1	1	1	1	1	1	1	1	1	1	1	1
	26	1	1	1	1	1	1	1	1	1	1	1	1	1
	27	1	1	1	1	1	1	1	1	1	1	1	1	1
	28	1	1	1	1	1	1	1	1	1	1	1	1	1
	29	1	1	1	1	1	1	1	1	1	1	1	1	1
	30	1	1	1	1	1	1	1	1	1	1	1	1	1
	31	1	1	1	1	1	1	1	1	1	1	1	1	1
	32	1	1	1	1	1	1	1	1	1	1	1	1	1
	33	1	1	1	1	1	1	1	1	1	1	1	1	1
	34	1	1	1	1	1	1	1	1	1	1	1	1	1
	35	1	1	1	1	1	1	1	1	1	1	1	1	1
	36	1	1	1	1	1	1	1	1	1	1	1	1	1
	37	1	1	1	1	1	1	1	1	1	1	1	1	1
	38	1	1	1	1	1	1	1	1	1	1	1	1	1
	39	1	1	1	1	1	1	1	1	1	1	1	1	1
	40	1	1	1	1	1	1	1	1	1	1	1	1	1
	41	1	1	1	1	1	1	1	1	1	1	1	1	1
	42	1	1	1	1	1	1	1	1	1	1	1	1	1
	43	1	1	1	1	1	1	1	1	1	1	1	1	1
	44	1	1	1	1	1	1	1	1	1	1	1	1	1
	45	1	1	1	1	1	1	1	1	1	1	1	1	1
	46	1	1	1	1	1	1	1	1	1	1	1	1	1
	47	1	1	1	1	1	1	1	1	1	1	1	1	1
	48	1	1	1	1	1	1	1	1	1	1	1	1	1
	49	1	1	1	1	1	1	1	1	1	1	1	1	1
	50	1	1	1	1	1	1	1	1	1	1	1	1	1
	51	1	1	1	1	1	1	1	1	1	1	1	1	1
	52	1	1	1	1	1	1	1	1	1	1	1	1	1
	53	1	1	1	1	1	1	1	1	1	1	1	1	1
	54	1	1	1	1	1	1	1	1	1	1	1	1	1
	55	1	1	1	1	1	1	1	1	1	1	1	1	1
	56	1	1	1	1	1	1	1	1	1	1	1	1	1
	57	1	1	1	1	1	1	1	1	1	1	1	1	1
	58	1	1	1	1	1	1	1	1	1	1	1	1	1
	59	1	1	1	1	1	1	1	1	1	1	1	1	1
	60	1	1	1	1	1	1	1	1	1	1	1	1	1
	61	1	1	1	1	1	1	1	1	1	1	1	1	1
	62	1	1	1	1	1	1	1	1	1	1	1	1	1
	63	1	1	1	1	1	1	1	1	1	1	1	1	1
	64	1	1	1	1	1	1	1	1	1	1	1	1	1
	65	1	1	1	1	1	1	1	1	1	1	1	1	1
	66	1	1	1	1	1	1	1	1	1	1	1	1	1
	67	1	1	1	1	1	1	1	1	1	1	1	1	1
	68	1	1	1	1	1	1	1	1	1	1	1	1	1
	69	1	1	1	1	1	1	1	1	1	1	1	1	1
	70	1	1	1	1	1	1	1	1	1	1	1	1	1
	71	1	1	1	1	1	1	1	1	1	1	1	1	1
	72	1	1	1	1	1	1	1	1	1	1	1	1	1
	73	1	1	1	1	1	1	1	1	1	1	1	1	1
	74	1	1	1	1	1	1	1	1	1	1	1	1	1
	75	1	1	1	1	1	1	1	1	1	1	1	1	1
	76	1	1	1	1	1	1	1	1	1	1	1	1	1
	77	1	1	1	1	1	1	1	1	1	1	1	1	1
	78	1	1	1	1	1	1	1	1	1	1	1	1	1
	79	1	1	1	1	1	1	1	1	1	1	1	1	1
	80	1	1	1	1	1	1	1	1	1	1	1	1	1
	81	1	1	1	1	1	1	1	1	1	1	1	1	1
	82	1	1	1	1	1	1	1	1	1	1	1	1	1
	83	1	1	1	1	1	1	1	1	1	1	1	1	1
	84	1	1	1	1	1	1	1	1	1	1	1	1	1
	85	1	1	1	1	1	1	1	1	1	1	1	1	1
	86	1	1	1	1	1	1	1	1	1	1	1	1	1
	87	1	1	1	1	1	1	1	1	1	1	1	1	1
	88	1	1	1	1	1	1	1	1	1	1	1	1	1
	89	1	1	1	1	1	1	1	1	1	1	1	1	1
	90	1	1	1	1	1	1	1	1	1	1	1	1	1
	91	1	1	1	1	1	1	1	1	1	1	1	1	1
	92	1	1	1	1	1	1	1	1	1	1	1	1	1
	93	1	1	1	1	1	1	1	1	1	1	1	1	1
	94	1	1	1	1	1	1	1	1	1	1	1	1	1
	95	1	1	1	1	1	1	1	1	1	1	1	1	1
	96	1	1	1	1	1	1	1	1	1	1	1	1	1
	97	1	1	1	1	1	1	1	1	1	1	1	1	1
	98	1	1	1	1	1	1	1	1	1	1	1	1	1
	99	1	1	1	1	1	1	1	1	1	1	1	1	1
	100	1	1	1	1	1	1	1	1	1	1	1	1	1
	101	1	1	1	1	1	1	1	1	1	1	1	1	1
	102	1	1	1	1	1	1	1	1	1	1	1	1	1
	103	1	1	1	1	1	1	1	1	1	1	1	1	1
	104	1	1	1	1	1	1	1	1	1	1	1	1	1
	105	1	1	1	1	1	1	1	1	1	1	1	1	1
	106	1	1	1	1	1	1	1	1	1	1	1	1	1
	107	1	1	1	1	1	1	1	1	1	1	1	1	1
	108	1	1	1	1	1	1	1	1	1	1	1	1	1
	109	1	1	1	1	1	1	1	1	1	1	1	1	1
	110	1	1	1	1	1	1	1	1	1	1	1	1	1
	111	1	1	1	1	1	1	1	1	1	1	1	1	1
	112	1	1	1	1	1	1	1	1	1	1	1	1	1
	113	1	1	1	1	1	1	1	1	1	1	1	1	1
	114	1	1	1	1	1	1	1	1	1	1	1	1	1
	115	1	1	1	1	1	1	1	1	1	1	1	1	1
	116	1	1	1	1	1	1	1	1	1	1	1	1	1
	117	1	1	1	1	1	1	1	1	1	1	1	1	1
	118	1	1	1	1	1	1	1	1	1	1	1	1	1
	119	1	1	1	1	1	1	1	1	1	1	1	1	1
	120	1	1	1	1	1	1	1	1	1	1	1	1	1
	121	1	1	1	1	1	1	1	1	1	1	1	1	1
	122	1	1	1	1	1	1	1	1	1	1	1	1	1
	123	1	1	1	1	1	1	1	1	1	1	1	1	1
	124	1	1	1	1	1	1	1	1	1	1	1	1	1
	125	1	1	1	1	1	1	1	1	1	1	1	1	1
	126	1	1	1	1	1	1	1	1	1	1	1	1	1
	127	1	1	1	1	1	1	1	1	1	1	1	1	1
	128	1	1	1	1	1	1	1	1	1	1	1	1	1
	129	1	1	1	1	1	1	1	1	1	1	1	1	1
	130	1	1	1	1	1	1	1	1	1	1	1	1	1
	131	1	1	1	1	1	1	1	1	1	1	1	1	1
	132	1	1	1	1	1	1	1	1	1	1	1	1	1
	133	1	1	1	1	1	1	1	1	1	1	1	1	1
	134	1	1	1	1	1	1	1	1	1	1	1	1	1
	135	1	1	1	1	1	1	1	1	1	1	1	1	1
	136	1	1	1	1	1	1	1	1	1	1	1	1	1
	137	1	1	1	1	1	1	1	1	1	1	1	1	1
	138	1	1	1	1	1	1	1	1	1	1	1	1	1
	139	1	1	1	1	1	1	1	1	1	1	1	1	1
	140	1	1	1	1	1	1	1	1	1	1	1	1	1
	141	1	1	1	1	1	1	1	1	1	1	1	1	1
	142	1	1	1	1	1	1	1	1	1	1	1	1	1
	143	1	1	1	1	1	1	1	1	1	1	1	1	1
	144	1	1	1	1	1	1	1	1	1	1	1	1	1
	145	1	1	1	1	1	1	1	1	1	1	1	1	1
	146	1	1	1	1	1	1	1	1	1	1	1	1	1
	147	1	1	1	1	1	1	1	1	1	1	1	1	1
	148	1	1	1	1	1	1	1	1	1	1	1	1	1
	149	1	1	1	1	1	1	1	1	1	1	1	1	1
	150	1	1	1	1	1	1	1	1	1	1	1	1	1
	151	1	1	1	1	1	1	1	1	1	1	1	1	1
	152	1	1	1	1	1	1	1	1	1	1	1	1	1
	153	1	1	1	1	1	1	1	1	1	1	1	1	1
	154	1	1	1	1	1	1	1	1	1	1	1	1	1
	155	1	1	1	1	1	1	1	1	1	1	1	1	1
	156	1	1	1	1	1	1	1	1	1	1	1	1	1
	157	1	1	1	1	1	1	1	1	1	1	1	1	1
	158	1	1	1	1	1	1	1	1	1	1	1	1	1
	159	1	1	1	1	1	1	1	1	1	1	1	1	1
	160	1	1	1	1	1	1	1	1	1	1	1	1	1
	161	1	1	1	1	1	1	1	1	1	1	1	1	1
	162	1	1	1	1	1	1	1	1	1	1	1	1	1
	163	1	1	1	1	1	1	1	1	1	1	1	1	1
	164	1	1	1	1	1	1	1	1	1	1	1	1	1
	165	1	1	1	1	1	1	1	1	1	1	1	1	1
	166	1	1	1	1	1	1	1	1	1	1	1	1	1
	167	1	1	1	1	1	1	1	1	1	1	1	1	1
	168	1	1	1	1	1	1	1	1	1	1	1	1	1
	169	1	1	1	1	1	1	1	1	1	1	1	1	1
	170	1	1	1	1	1	1	1	1	1	1	1	1	1
	171	1	1	1	1	1	1	1	1	1	1	1	1	1
	172	1	1	1	1	1	1	1	1	1	1	1	1	1
	173	1	1	1	1	1	1	1	1	1	1	1	1	1
	174	1	1	1	1	1	1	1	1	1	1	1	1	1
	175	1	1	1	1	1	1	1	1	1	1	1	1	1
	176	1	1	1	1	1	1	1	1	1	1	1	1	1
	177	1	1	1	1	1	1	1	1	1	1	1	1	1
	178	1	1	1	1	1	1	1	1	1	1	1	1	1
	179	1	1	1	1	1	1	1	1	1	1	1	1	1
	180	1	1	1	1	1	1	1	1	1	1	1	1	1
	181	1	1	1	1	1	1	1	1	1	1	1	1	1
	182	1	1	1	1	1	1	1	1	1	1	1	1	1
	183	1	1	1	1	1	1	1	1	1	1	1	1	1
	184	1	1	1	1	1	1	1	1	1	1	1	1	1
	185	1	1	1	1	1	1	1	1	1	1	1	1	1
	186	1	1	1	1	1	1	1	1	1	1	1	1	1
	187	1	1	1	1	1	1	1	1	1	1	1	1	1
	188	1	1	1	1	1	1	1	1	1	1	1	1	1
	189	1	1	1	1	1	1	1	1	1	1	1	1	1
	190	1	1	1	1	1	1	1	1	1	1	1	1	1
	191	1	1	1	1	1	1	1	1	1	1	1	1	1
	192	1	1	1	1	1	1	1	1	1	1	1	1	1
	193	1	1	1	1	1	1	1	1	1	1	1	1	1
	194	1	1	1	1	1	1	1	1	1	1	1	1	1
	195	1	1	1	1	1	1	1	1	1	1	1	1	1
	196	1	1	1	1	1	1	1	1	1	1	1	1	1
	197	1	1	1	1	1	1	1	1	1	1	1	1	1
	198	1	1	1	1	1	1	1	1	1	1	1	1	1
	199	1	1	1	1	1	1	1	1	1	1	1	1	1
	200	1	1	1	1	1	1	1	1	1	1	1	1	1
[/hero]

[mesmerization damage balance]
	[normal]
		1	0
		2	0
		3	0
		4	0
		5	0
		6	0
		7	0
		8	0
		9	0
		10	0
		11	0
		12	0
		13	0
		14	0
		15	0
		16	0
		17	0
		18	0
		19	0
		20	0
		21	0
		22	0
		23	0
		24	0
		25	0
		26	0
		27	0
		28	0
		29	0
		30	0
		31	0
		32	0
		33	0
		34	0
		35	0
		36	0
		37	0
		38	0
		39	0
		40	0
		41	0
		42	0
		43	0
		44	0
		45	0
		46	0
		47	0
		48	0
		49	0
		50	0
		51	0
		52	0
		53	0
		54	0
		55	0
		56	0
		57	0
		58	0
		59	0
		60	0
		61	0
		62	0
		63	0
		64	0
		65	0
		66	0
		67	0
		68	0
		69	0
		70	0
		71	0
		72	0
		73	0
		74	0
		75	0
		76	0
		77	0
		78	0
		79	0
		80	0
		81	0
		82	0
		83	0
		84	0
		85	0
		86	0
		87	0
		88	0
		89	0
		90	0
		91	0
		92	0
		93	0
		94	0
		95	0
		96	0
		97	0
		98	0
		99	0
		100	0
		101	0
		102	0
		103	0
		104	0
		105	0
		106	0
		107	0
		108	0
		109	0
		110	0
		111	0
		112	0
		113	0
		114	0
		115	0
		116	0
		117	0
		118	0
		119	0
		120	0
		121	0
		122	0
		123	0
		124	0
		125	0
		126	0
		127	0
		128	0
		129	0
		130	0
		131	0
		132	0
		133	0
		134	0
		135	0
		136	0
		137	0
		138	0
		139	0
		140	0
		141	0
		142	0
		143	0
		144	0
		145	0
		146	0
		147	0
		148	0
		149	0
		150	0
		151	0
		152	0
		153	0
		154	0
		155	0
		156	0
		157	0
		158	0
		159	0
		160	0
		161	0
		162	0
		163	0
		164	0
		165	0
		166	0
		167	0
		168	0
		169	0
		170	0
		171	0
		172	0
		173	0
		174	0
		175	0
		176	0
		177	0
		178	0
		179	0
		180	0
		181	0
		182	0
		183	0
		184	0
		185	0
		186	0
		187	0
		188	0
		189	0
		190	0
		191	0
		192	0
		193	0
		194	0
		195	0
		196	0
		197	0
		198	0
		199	0
		200	0
	[/normal]
	[named]
		1	0
		2	0
		3	0
		4	4
		5	8
		6	11
		7	15
		8	19
		9	23
		10	26
		11	30
		12	30
		13	30
		14	30
		15	30
		16	30
		17	30
		18	30
		19	30
		20	30
		21	30
		22	30
		23	30
		24	30
		25	30
		26	30
		27	30
		28	30
		29	30
		30	30
		31	30
		32	30
		33	30
		34	30
		35	30
		36	30
		37	30
		38	30
		39	30
		40	30
		41	30
		42	30
		43	30
		44	30
		45	30
		46	30
		47	30
		48	30
		49	30
		50	30
		51	30
		52	30
		53	30
		54	30
		55	30
		56	30
		57	30
		58	30
		59	30
		60	30
		61	30
		62	30
		63	30
		64	30
		65	30
		66	30
		67	30
		68	30
		69	30
		70	30
		71	30
		72	30
		73	30
		74	30
		75	30
		76	30
		77	30
		78	30
		79	30
		80	30
		81	30
		82	30
		83	30
		84	30
		85	30
		86	30
		87	30
		88	30
		89	30
		90	30
		91	30
		92	30
		93	30
		94	30
		95	30
		96	30
		97	30
		98	30
		99	30
		100	34
		101	34
		102	34
		103	34
		104	34
		105	34
		106	34
		107	34
		108	34
		109	35
		110	35
		111	35
		112	35
		113	35
		114	35
		115	35
		116	35
		117	35
		118	36
		119	36
		120	36
		121	36
		122	36
		123	36
		124	36
		125	36
		126	36
		127	37
		128	37
		129	37
		130	37
		131	37
		132	37
		133	37
		134	37
		135	37
		136	38
		137	38
		138	38
		139	38
		140	38
		141	38
		142	38
		143	38
		144	38
		145	38
		146	39
		147	39
		148	39
		149	39
		150	39
		151	39
		152	39
		153	39
		154	39
		155	40
		156	40
		157	40
		158	40
		159	40
		160	40
		161	40
		162	40
		163	40
		164	41
		165	41
		166	41
		167	41
		168	41
		169	41
		170	41
		171	41
		172	41
		173	42
		174	42
		175	42
		176	42
		177	42
		178	42
		179	42
		180	42
		181	42
		182	43
		183	43
		184	43
		185	43
		186	43
		187	43
		188	43
		189	43
		190	43
		191	44
		192	44
		193	44
		194	44
		195	44
		196	44
		197	44
		198	44
		199	44
		200	45
	[/named]
	[boss]
		1	0
		2	0
		3	0
		4	4
		5	8
		6	11
		7	15
		8	19
		9	23
		10	26
		11	30
		12	30
		13	30
		14	30
		15	30
		16	30
		17	30
		18	30
		19	30
		20	30
		21	30
		22	30
		23	30
		24	30
		25	30
		26	30
		27	30
		28	30
		29	30
		30	30
		31	30
		32	30
		33	30
		34	30
		35	30
		36	30
		37	30
		38	30
		39	30
		40	30
		41	30
		42	30
		43	30
		44	30
		45	30
		46	30
		47	30
		48	30
		49	30
		50	30
		51	30
		52	30
		53	30
		54	30
		55	30
		56	30
		57	30
		58	30
		59	30
		60	30
		61	30
		62	30
		63	30
		64	30
		65	30
		66	30
		67	30
		68	30
		69	30
		70	30
		71	30
		72	30
		73	30
		74	30
		75	30
		76	30
		77	30
		78	30
		79	30
		80	30
		81	30
		82	30
		83	30
		84	30
		85	30
		86	30
		87	30
		88	30
		89	30
		90	30
		91	30
		92	30
		93	30
		94	30
		95	30
		96	30
		97	30
		98	30
		99	30
		100	34
		101	34
		102	34
		103	34
		104	34
		105	34
		106	34
		107	34
		108	34
		109	35
		110	35
		111	35
		112	35
		113	35
		114	35
		115	35
		116	35
		117	35
		118	36
		119	36
		120	36
		121	36
		122	36
		123	36
		124	36
		125	36
		126	36
		127	37
		128	37
		129	37
		130	37
		131	37
		132	37
		133	37
		134	37
		135	37
		136	38
		137	38
		138	38
		139	38
		140	38
		141	38
		142	38
		143	38
		144	38
		145	38
		146	39
		147	39
		148	39
		149	39
		150	39
		151	39
		152	39
		153	39
		154	39
		155	40
		156	40
		157	40
		158	40
		159	40
		160	40
		161	40
		162	40
		163	40
		164	41
		165	41
		166	41
		167	41
		168	41
		169	41
		170	41
		171	41
		172	41
		173	42
		174	42
		175	42
		176	42
		177	42
		178	42
		179	42
		180	42
		181	42
		182	43
		183	43
		184	43
		185	43
		186	43
		187	43
		188	43
		189	43
		190	43
		191	44
		192	44
		193	44
		194	44
		195	44
		196	44
		197	44
		198	44
		199	44
		200	45
	[/boss]
[/mesmerization damage balance]

[limit slowdown]
	[named]
		1	30	30
		2	30	30
		3	30	30
		4	30	30
		5	30	30
		6	30	30
		7	30	30
		8	30	30
		9	30	30
		10	30	30
		11	30	30
		12	30	30
		13	30	30
		14	30	30
		15	30	30
		16	30	30
		17	30	30
		18	30	30
		19	30	30
		20	30	30
		21	30	30
		22	30	30
		23	30	30
		24	30	30
		25	30	30
		26	30	30
		27	30	30
		28	30	30
		29	30	30
		30	30	30
		31	30	30
		32	30	30
		33	30	30
		34	30	30
		35	30	30
		36	30	30
		37	30	30
		38	30	30
		39	30	30
		40	30	30
		41	30	30
		42	30	30
		43	30	30
		44	30	30
		45	30	30
		46	30	30
		47	30	30
		48	30	30
		49	30	30
		50	30	30
		51	30	30
		52	30	30
		53	30	30
		54	30	30
		55	30	30
		56	30	30
		57	30	30
		58	30	30
		59	30	30
		60	30	30
		61	30	30
		62	30	30
		63	30	30
		64	30	30
		65	30	30
		66	30	30
		67	30	30
		68	30	30
		69	30	30
		70	30	30
		71	30	30
		72	30	30
		73	30	30
		74	30	30
		75	30	30
		76	30	30
		77	30	30
		78	30	30
		79	30	30
		80	30	30
		81	30	30
		82	30	30
		83	30	30
		84	30	30
		85	30	30
		86	30	30
		87	30	30
		88	30	30
		89	30	30
		90	30	30
		91	30	30
		92	30	30
		93	30	30
		94	30	30
		95	30	30
		96	30	30
		97	30	30
		98	30	30
		99	30	30
		100	30	30
		101	30	30
		102	30	30
		103	30	30
		104	30	30
		105	30	30
		106	30	30
		107	30	30
		108	30	30
		109	30	30
		110	30	30
		111	30	30
		112	30	30
		113	30	30
		114	30	30
		115	30	30
		116	30	30
		117	30	30
		118	30	30
		119	30	30
		120	30	30
		121	30	30
		122	30	30
		123	30	30
		124	30	30
		125	30	30
		126	30	30
		127	30	30
		128	30	30
		129	30	30
		130	30	30
		131	30	30
		132	30	30
		133	30	30
		134	30	30
		135	30	30
		136	30	30
		137	30	30
		138	30	30
		139	30	30
		140	30	30
		141	30	30
		142	30	30
		143	30	30
		144	30	30
		145	30	30
		146	30	30
		147	30	30
		148	30	30
		149	30	30
		150	30	30
		151	30	30
		152	30	30
		153	30	30
		154	30	30
		155	30	30
		156	30	30
		157	30	30
		158	30	30
		159	30	30
		160	30	30
		161	30	30
		162	30	30
		163	30	30
		164	30	30
		165	30	30
		166	30	30
		167	30	30
		168	30	30
		169	30	30
		170	30	30
		171	30	30
		172	30	30
		173	30	30
		174	30	30
		175	30	30
		176	30	30
		177	30	30
		178	30	30
		179	30	30
		180	30	30
		181	30	30
		182	30	30
		183	30	30
		184	30	30
		185	30	30
		186	30	30
		187	30	30
		188	30	30
		189	30	30
		190	30	30
		191	30	30
		192	30	30
		193	30	30
		194	30	30
		195	30	30
		196	30	30
		197	30	30
		198	30	30
		199	30	30
		200	30	30
	[/named]
	[boss]
		1	50	50
		2	50	50
		3	50	50
		4	50	50
		5	50	50
		6	50	50
		7	50	50
		8	50	50
		9	50	50
		10	50	50
		11	50	50
		12	50	50
		13	50	50
		14	50	50
		15	50	50
		16	50	50
		17	50	50
		18	50	50
		19	50	50
		20	50	50
		21	50	50
		22	50	50
		23	50	50
		24	50	50
		25	50	50
		26	50	50
		27	50	50
		28	50	50
		29	50	50
		30	50	50
		31	50	50
		32	50	50
		33	50	50
		34	50	50
		35	50	50
		36	50	50
		37	50	50
		38	50	50
		39	50	50
		40	50	50
		41	50	50
		42	50	50
		43	50	50
		44	50	50
		45	50	50
		46	50	50
		47	50	50
		48	50	50
		49	50	50
		50	50	50
		51	50	50
		52	50	50
		53	50	50
		54	50	50
		55	50	50
		56	50	50
		57	50	50
		58	50	50
		59	50	50
		60	50	50
		61	50	50
		62	50	50
		63	50	50
		64	50	50
		65	50	50
		66	50	50
		67	50	50
		68	50	50
		69	50	50
		70	50	50
		71	50	50
		72	50	50
		73	50	50
		74	50	50
		75	50	50
		76	50	50
		77	50	50
		78	50	50
		79	50	50
		80	50	50
		81	50	50
		82	50	50
		83	50	50
		84	50	50
		85	50	50
		86	50	50
		87	50	50
		88	50	50
		89	50	50
		90	50	50
		91	50	50
		92	50	50
		93	50	50
		94	50	50
		95	50	50
		96	50	50
		97	50	50
		98	50	50
		99	50	50
		100	50	50
		101	50	50
		102	50	50
		103	50	50
		104	50	50
		105	50	50
		106	50	50
		107	50	50
		108	50	50
		109	50	50
		110	50	50
		111	50	50
		112	50	50
		113	50	50
		114	50	50
		115	50	50
		116	50	50
		117	50	50
		118	50	50
		119	50	50
		120	50	50
		121	50	50
		122	50	50
		123	50	50
		124	50	50
		125	50	50
		126	50	50
		127	50	50
		128	50	50
		129	50	50
		130	50	50
		131	50	50
		132	50	50
		133	50	50
		134	50	50
		135	50	50
		136	50	50
		137	50	50
		138	50	50
		139	50	50
		140	50	50
		141	50	50
		142	50	50
		143	50	50
		144	50	50
		145	50	50
		146	50	50
		147	50	50
		148	50	50
		149	50	50
		150	50	50
		151	50	50
		152	50	50
		153	50	50
		154	50	50
		155	50	50
		156	50	50
		157	50	50
		158	50	50
		159	50	50
		160	50	50
		161	50	50
		162	50	50
		163	50	50
		164	50	50
		165	50	50
		166	50	50
		167	50	50
		168	50	50
		169	50	50
		170	50	50
		171	50	50
		172	50	50
		173	50	50
		174	50	50
		175	50	50
		176	50	50
		177	50	50
		178	50	50
		179	50	50
		180	50	50
		181	50	50
		182	50	50
		183	50	50
		184	50	50
		185	50	50
		186	50	50
		187	50	50
		188	50	50
		189	50	50
		190	50	50
		191	50	50
		192	50	50
		193	50	50
		194	50	50
		195	50	50
		196	50	50
		197	50	50
		198	50	50
		199	50	50
		200	50	50
	[/boss]
[/limit slowdown]

[adjust hp gauge]
	[boss]
		0.8
	[named]
		0.8
	[normal]
		1.2
[/adjust hp gauge]
