#PVF_File

[1]
	10	20	30	40	50	60	70	80	90	100	110	120	130	140	150	160	170	180	190	200	210	220	230	240	250	260	270	280	290	300	310	320	330	340	350	360	370	380	390	400	410	420	430	440	450	460	470	480	490	500	510	520	530	540	550	560	570	580	590	600	610	620	630	640	650	660	670	680	690	700	710	720	730	740	750	760	770	780	790	800	810	820	830	840	850	860	870	880	890	900	910	920	930	940	950	960	970	980	990	1000

[2]
	20	40	60	80	100	120	140	160	180	200	220	240	260	280	300	320	340	360	380	400	420	440	460	480	500	520	540	560	580	600	620	640	660	680	700	720	740	760	780	800	820	840	860	880	900	920	940	960	980	1000	1020	1040	1060	1080	1100	1120	1140	1160	1180	1200	1220	1240	1260	1280	1300	1320	1340	1360	1380	1400	1420	1440	1460	1480	1500	1520	1540	1560	1580	1600	1620	1640	1660	1680	1700	1720	1740	1760	1780	1800	1820	1840	1860	1880	1900	1920	1940	1960	1980	2000

[3]
	30	60	90	120	150	180	210	240	270	300	330	360	390	420	450	480	510	540	570	600	630	660	690	720	750	780	810	840	870	900	930	960	990	1020	1050	1080	1110	1140	1170	1200	1230	1260	1290	1320	1350	1380	1410	1440	1470	1500	1530	1560	1590	1620	1650	1680	1710	1740	1770	1800	1830	1860	1890	1920	1950	1980	2010	2040	2070	2100	2130	2160	2190	2220	2250	2280	2310	2340	2370	2400	2430	2460	2490	2520	2550	2580	2610	2640	2670	2700	2730	2760	2790	2820	2850	2880	2910	2940	2970	3000

[4]
	40	80	120	160	200	240	280	320	360	400	440	480	520	560	600	640	680	720	760	800	840	880	920	960	1000	1040	1080	1120	1160	1200	1240	1280	1320	1360	1400	1440	1480	1520	1560	1600	1640	1680	1720	1760	1800	1840	1880	1920	1960	2000	2040	2080	2120	2160	2200	2240	2280	2320	2360	2400	2440	2480	2520	2560	2600	2640	2680	2720	2760	2800	2840	2880	2920	2960	3000	3040	3080	3120	3160	3200	3240	3280	3320	3360	3400	3440	3480	3520	3560	3600	3640	3680	3720	3760	3800	3840	3880	3920	3960	4000

[5]
	50	100	150	200	250	300	350	400	450	500	550	600	650	700	750	800	850	900	950	1000	1050	1100	1150	1200	1250	1300	1350	1400	1450	1500	1550	1600	1650	1700	1750	1800	1850	1900	1950	2000	2050	2100	2150	2200	2250	2300	2350	2400	2450	2500	2550	2600	2650	2700	2750	2800	2850	2900	2950	3000	3050	3100	3150	3200	3250	3300	3350	3400	3450	3500	3550	3600	3650	3700	3750	3800	3850	3900	3950	4000	4050	4100	4150	4200	4250	4300	4350	4400	4450	4500	4550	4600	4650	4700	4750	4800	4850	4900	4950	5000

[6]
	60	120	180	240	300	360	420	480	540	600	660	720	780	840	900	960	1020	1080	1140	1200	1260	1320	1380	1440	1500	1560	1620	1680	1740	1800	1860	1920	1980	2040	2100	2160	2220	2280	2340	2400	2460	2520	2580	2640	2700	2760	2820	2880	2940	3000	3060	3120	3180	3240	3300	3360	3420	3480	3540	3600	3660	3720	3780	3840	3900	3960	4020	4080	4140	4200	4260	4320	4380	4440	4500	4560	4620	4680	4740	4800	4860	4920	4980	5040	5100	5160	5220	5280	5340	5400	5460	5520	5580	5640	5700	5760	5820	5880	5940	6000

[7]
	70	140	210	280	350	420	490	560	630	700	770	840	910	980	1050	1120	1190	1260	1330	1400	1470	1540	1610	1680	1750	1820	1890	1960	2030	2100	2170	2240	2310	2380	2450	2520	2590	2660	2730	2800	2870	2940	3010	3080	3150	3220	3290	3360	3430	3500	3570	3640	3710	3780	3850	3920	3990	4060	4130	4200	4270	4340	4410	4480	4550	4620	4690	4760	4830	4900	4970	5040	5110	5180	5250	5320	5390	5460	5530	5600	5670	5740	5810	5880	5950	6020	6090	6160	6230	6300	6370	6440	6510	6580	6650	6720	6790	6860	6930	7000

[8]
	80	160	240	320	400	480	560	640	720	800	880	960	1040	1120	1200	1280	1360	1440	1520	1600	1680	1760	1840	1920	2000	2080	2160	2240	2320	2400	2480	2560	2640	2720	2800	2880	2960	3040	3120	3200	3280	3360	3440	3520	3600	3680	3760	3840	3920	4000	4080	4160	4240	4320	4400	4480	4560	4640	4720	4800	4880	4960	5040	5120	5200	5280	5360	5440	5520	5600	5680	5760	5840	5920	6000	6080	6160	6240	6320	6400	6480	6560	6640	6720	6800	6880	6960	7040	7120	7200	7280	7360	7440	7520	7600	7680	7760	7840	7920	8000

[9]
	90	180	270	360	450	540	630	720	810	900	990	1080	1170	1260	1350	1440	1530	1620	1710	1800	1890	1980	2070	2160	2250	2340	2430	2520	2610	2700	2790	2880	2970	3060	3150	3240	3330	3420	3510	3600	3690	3780	3870	3960	4050	4140	4230	4320	4410	4500	4590	4680	4770	4860	4950	5040	5130	5220	5310	5400	5490	5580	5670	5760	5850	5940	6030	6120	6210	6300	6390	6480	6570	6660	6750	6840	6930	7020	7110	7200	7290	7380	7470	7560	7650	7740	7830	7920	8010	8100	8190	8280	8370	8460	8550	8640	8730	8820	8910	9000

[10]
	100	200	300	400	500	600	700	800	900	1000	1100	1200	1300	1400	1500	1600	1700	1800	1900	2000	2100	2200	2300	2400	2500	2600	2700	2800	2900	3000	3100	3200	3300	3400	3500	3600	3700	3800	3900	4000	4100	4200	4300	4400	4500	4600	4700	4800	4900	5000	5100	5200	5300	5400	5500	5600	5700	5800	5900	6000	6100	6200	6300	6400	6500	6600	6700	6800	6900	7000	7100	7200	7300	7400	7500	7600	7700	7800	7900	8000	8100	8200	8300	8400	8500	8600	8700	8800	8900	9000	9100	9200	9300	9400	9500	9600	9700	9800	9900	10000

[11]
	150	300	450	600	750	900	1050	1200	1350	1500	1650	1800	1950	2100	2250	2400	2550	2700	2850	3000	3150	3300	3450	3600	3750	3900	4050	4200	4350	4500	4650	4800	4950	5100	5250	5400	5550	5700	5850	6000	6150	6300	6450	6600	6750	6900	7050	7200	7350	7500	7650	7800	7950	8100	8250	8400	8550	8700	8850	9000	9150	9300	9450	9600	9750	9900	10050	10200	10350	10500	10650	10800	10950	11100	11250	11400	11550	11700	11850	12000	12150	12300	12450	12600	12750	12900	13050	13200	13350	13500	13650	13800	13950	14100	14250	14400	14550	14700	14850	15000

[12]
	200	400	600	800	1000	1200	1400	1600	1800	2000	2200	2400	2600	2800	3000	3200	3400	3600	3800	4000	4200	4400	4600	4800	5000	5200	5400	5600	5800	6000	6200	6400	6600	6800	7000	7200	7400	7600	7800	8000	8200	8400	8600	8800	9000	9200	9400	9600	9800	10000	10200	10400	10600	10800	11000	11200	11400	11600	11800	12000	12200	12400	12600	12800	13000	13200	13400	13600	13800	14000	14200	14400	14600	14800	15000	15200	15400	15600	15800	16000	16200	16400	16600	16800	17000	17200	17400	17600	17800	18000	18200	18400	18600	18800	19000	19200	19400	19600	19800	20000

[13]
	300	600	900	1200	1500	1800	2100	2400	2700	3000	3300	3600	3900	4200	4500	4800	5100	5400	5700	6000	6300	6600	6900	7200	7500	7800	8100	8400	8700	9000	9300	9600	9900	10200	10500	10800	11100	11400	11700	12000	12300	12600	12900	13200	13500	13800	14100	14400	14700	15000	15300	15600	15900	16200	16500	16800	17100	17400	17700	18000	18300	18600	18900	19200	19500	19800	20100	20400	20700	21000	21300	21600	21900	22200	22500	22800	23100	23400	23700	24000	24300	24600	24900	25200	25500	25800	26100	26400	26700	27000	27300	27600	27900	28200	28500	28800	29100	29400	29700	30000

[14]
	400	800	1200	1600	2000	2400	2800	3200	3600	4000	4400	4800	5200	5600	6000	6400	6800	7200	7600	8000	8400	8800	9200	9600	10000	10400	10800	11200	11600	12000	12400	12800	13200	13600	14000	14400	14800	15200	15600	16000	16400	16800	17200	17600	18000	18400	18800	19200	19600	20000	20400	20800	21200	21600	22000	22400	22800	23200	23600	24000	24400	24800	25200	25600	26000	26400	26800	27200	27600	28000	28400	28800	29200	29600	30000	30400	30800	31200	31600	32000	32400	32800	33200	33600	34000	34400	34800	35200	35600	36000	36400	36800	37200	37600	38000	38400	38800	39200	39600	40000

[15]
	500	1000	1500	2000	2500	3000	3500	4000	4500	5000	5500	6000	6500	7000	7500	8000	8500	9000	9500	10000	10500	11000	11500	12000	12500	13000	13500	14000	14500	15000	15500	16000	16500	17000	17500	18000	18500	19000	19500	20000	20500	21000	21500	22000	22500	23000	23500	24000	24500	25000	25500	26000	26500	27000	27500	28000	28500	29000	29500	30000	30500	31000	31500	32000	32500	33000	33500	34000	34500	35000	35500	36000	36500	37000	37500	38000	38500	39000	39500	40000	40500	41000	41500	42000	42500	43000	43500	44000	44500	45000	45500	46000	46500	47000	47500	48000	48500	49000	49500	50000

[16]
	600	1200	1800	2400	3000	3600	4200	4800	5400	6000	6600	7200	7800	8400	9000	9600	10200	10800	11400	12000	12600	13200	13800	14400	15000	15600	16200	16800	17400	18000	18600	19200	19800	20400	21000	21600	22200	22800	23400	24000	24600	25200	25800	26400	27000	27600	28200	28800	29400	30000	30600	31200	31800	32400	33000	33600	34200	34800	35400	36000	36600	37200	37800	38400	39000	39600	40200	40800	41400	42000	42600	43200	43800	44400	45000	45600	46200	46800	47400	48000	48600	49200	49800	50400	51000	51600	52200	52800	53400	54000	54600	55200	55800	56400	57000	57600	58200	58800	59400	60000

[17]
	700	1400	2100	2800	3500	4200	4900	5600	6300	7000	7700	8400	9100	9800	10500	11200	11900	12600	13300	14000	14700	15400	16100	16800	17500	18200	18900	19600	20300	21000	21700	22400	23100	23800	24500	25200	25900	26600	27300	28000	28700	29400	30100	30800	31500	32200	32900	33600	34300	35000	35700	36400	37100	37800	38500	39200	39900	40600	41300	42000	42700	43400	44100	44800	45500	46200	46900	47600	48300	49000	49700	50400	51100	51800	52500	53200	53900	54600	55300	56000	56700	57400	58100	58800	59500	60200	60900	61600	62300	63000	63700	64400	65100	65800	66500	67200	67900	68600	69300	70000

[18]
	800	1600	2400	3200	4000	4800	5600	6400	7200	8000	8800	9600	10400	11200	12000	12800	13600	14400	15200	16000	16800	17600	18400	19200	20000	20800	21600	22400	23200	24000	24800	25600	26400	27200	28000	28800	29600	30400	31200	32000	32800	33600	34400	35200	36000	36800	37600	38400	39200	40000	40800	41600	42400	43200	44000	44800	45600	46400	47200	48000	48800	49600	50400	51200	52000	52800	53600	54400	55200	56000	56800	57600	58400	59200	60000	60800	61600	62400	63200	64000	64800	65600	66400	67200	68000	68800	69600	70400	71200	72000	72800	73600	74400	75200	76000	76800	77600	78400	79200	80000

[19]
	900	1800	2700	3600	4500	5400	6300	7200	8100	9000	9900	10800	11700	12600	13500	14400	15300	16200	17100	18000	18900	19800	20700	21600	22500	23400	24300	25200	26100	27000	27900	28800	29700	30600	31500	32400	33300	34200	35100	36000	36900	37800	38700	39600	40500	41400	42300	43200	44100	45000	45900	46800	47700	48600	49500	50400	51300	52200	53100	54000	54900	55800	56700	57600	58500	59400	60300	61200	62100	63000	63900	64800	65700	66600	67500	68400	69300	70200	71100	72000	72900	73800	74700	75600	76500	77400	78300	79200	80100	81000	81900	82800	83700	84600	85500	86400	87300	88200	89100	90000

[20]
	1000	2000	3000	4000	5000	6000	7000	8000	9000	10000	11000	12000	13000	14000	15000	16000	17000	18000	19000	20000	21000	22000	23000	24000	25000	26000	27000	28000	29000	30000	31000	32000	33000	34000	35000	36000	37000	38000	39000	40000	41000	42000	43000	44000	45000	46000	47000	48000	49000	50000	51000	52000	53000	54000	55000	56000	57000	58000	59000	60000	61000	62000	63000	64000	65000	66000	67000	68000	69000	70000	71000	72000	73000	74000	75000	76000	77000	78000	79000	80000	81000	82000	83000	84000	85000	86000	87000	88000	89000	90000	91000	92000	93000	94000	95000	96000	97000	98000	99000	100000

[21]
	1200	2400	3600	4800	6000	7200	8400	9600	10800	12000	13200	14400	15600	16800	18000	19200	20400	21600	22800	24000	25200	26400	27600	28800	30000	31200	32400	33600	34800	36000	37200	38400	39600	40800	42000	43200	44400	45600	46800	48000	49200	50400	51600	52800	54000	55200	56400	57600	58800	60000	61200	62400	63600	64800	66000	67200	68400	69600	70800	72000	73200	74400	75600	76800	78000	79200	80400	81600	82800	84000	85200	86400	87600	88800	90000	91200	92400	93600	94800	96000	97200	98400	99600	100800	102000	103200	104400	105600	106800	108000	109200	110400	111600	112800	114000	115200	116400	117600	118800	120000

[22]
	1400	2800	4200	5600	7000	8400	9800	11200	12600	14000	15400	16800	18200	19600	21000	22400	23800	25200	26600	28000	29400	30800	32200	33600	35000	36400	37800	39200	40600	42000	43400	44800	46200	47600	49000	50400	51800	53200	54600	56000	57400	58800	60200	61600	63000	64400	65800	67200	68600	70000	71400	72800	74200	75600	77000	78400	79800	81200	82600	84000	85400	86800	88200	89600	91000	92400	93800	95200	96600	98000	99400	100800	102200	103600	105000	106400	107800	109200	110600	112000	113400	114800	116200	117600	119000	120400	121800	123200	124600	126000	127400	128800	130200	131600	133000	134400	135800	137200	138600	140000

[23]
	1600	3200	4800	6400	8000	9600	11200	12800	14400	16000	17600	19200	20800	22400	24000	25600	27200	28800	30400	32000	33600	35200	36800	38400	40000	41600	43200	44800	46400	48000	49600	51200	52800	54400	56000	57600	59200	60800	62400	64000	65600	67200	68800	70400	72000	73600	75200	76800	78400	80000	81600	83200	84800	86400	88000	89600	91200	92800	94400	96000	97600	99200	100800	102400	104000	105600	107200	108800	110400	112000	113600	115200	116800	118400	120000	121600	123200	124800	126400	128000	129600	131200	132800	134400	136000	137600	139200	140800	142400	144000	145600	147200	148800	150400	152000	153600	155200	156800	158400	160000

[24]
	1800	3600	5400	7200	9000	10800	12600	14400	16200	18000	19800	21600	23400	25200	27000	28800	30600	32400	34200	36000	37800	39600	41400	43200	45000	46800	48600	50400	52200	54000	55800	57600	59400	61200	63000	64800	66600	68400	70200	72000	73800	75600	77400	79200	81000	82800	84600	86400	88200	90000	91800	93600	95400	97200	99000	100800	102600	104400	106200	108000	109800	111600	113400	115200	117000	118800	120600	122400	124200	126000	127800	129600	131400	133200	135000	136800	138600	140400	142200	144000	145800	147600	149400	151200	153000	154800	156600	158400	160200	162000	163800	165600	167400	169200	171000	172800	174600	176400	178200	180000

[25]
	2000	4000	6000	8000	10000	12000	14000	16000	18000	20000	22000	24000	26000	28000	30000	32000	34000	36000	38000	40000	42000	44000	46000	48000	50000	52000	54000	56000	58000	60000	62000	64000	66000	68000	70000	72000	74000	76000	78000	80000	82000	84000	86000	88000	90000	92000	94000	96000	98000	100000	102000	104000	106000	108000	110000	112000	114000	116000	118000	120000	122000	124000	126000	128000	130000	132000	134000	136000	138000	140000	142000	144000	146000	148000	150000	152000	154000	156000	158000	160000	162000	164000	166000	168000	170000	172000	174000	176000	178000	180000	182000	184000	186000	188000	190000	192000	194000	196000	198000	200000

[26]
	2500	5000	7500	10000	12500	15000	17500	20000	22500	25000	27500	30000	32500	35000	37500	40000	42500	45000	47500	50000	52500	55000	57500	60000	62500	65000	67500	70000	72500	75000	77500	80000	82500	85000	87500	90000	92500	95000	97500	100000	102500	105000	107500	110000	112500	115000	117500	120000	122500	125000	127500	130000	132500	135000	137500	140000	142500	145000	147500	150000	152500	155000	157500	160000	162500	165000	167500	170000	172500	175000	177500	180000	182500	185000	187500	190000	192500	195000	197500	200000	202500	205000	207500	210000	212500	215000	217500	220000	222500	225000	227500	230000	232500	235000	237500	240000	242500	245000	247500	250000

[27]
	3000	6000	9000	12000	15000	18000	21000	24000	27000	30000	33000	36000	39000	42000	45000	48000	51000	54000	57000	60000	63000	66000	69000	72000	75000	78000	81000	84000	87000	90000	93000	96000	99000	102000	105000	108000	111000	114000	117000	120000	123000	126000	129000	132000	135000	138000	141000	144000	147000	150000	153000	156000	159000	162000	165000	168000	171000	174000	177000	180000	183000	186000	189000	192000	195000	198000	201000	204000	207000	210000	213000	216000	219000	222000	225000	228000	231000	234000	237000	240000	243000	246000	249000	252000	255000	258000	261000	264000	267000	270000	273000	276000	279000	282000	285000	288000	291000	294000	297000	300000

[28]
	4000	8000	12000	16000	20000	24000	28000	32000	36000	40000	44000	48000	52000	56000	60000	64000	68000	72000	76000	80000	84000	88000	92000	96000	100000	104000	108000	112000	116000	120000	124000	128000	132000	136000	140000	144000	148000	152000	156000	160000	164000	168000	172000	176000	180000	184000	188000	192000	196000	200000	204000	208000	212000	216000	220000	224000	228000	232000	236000	240000	244000	248000	252000	256000	260000	264000	268000	272000	276000	280000	284000	288000	292000	296000	300000	304000	308000	312000	316000	320000	324000	328000	332000	336000	340000	344000	348000	352000	356000	360000	364000	368000	372000	376000	380000	384000	388000	392000	396000	400000

[29]
	5000	10000	15000	20000	25000	30000	35000	40000	45000	50000	55000	60000	65000	70000	75000	80000	85000	90000	95000	100000	105000	110000	115000	120000	125000	130000	135000	140000	145000	150000	155000	160000	165000	170000	175000	180000	185000	190000	195000	200000	205000	210000	215000	220000	225000	230000	235000	240000	245000	250000	255000	260000	265000	270000	275000	280000	285000	290000	295000	300000	305000	310000	315000	320000	325000	330000	335000	340000	345000	350000	355000	360000	365000	370000	375000	380000	385000	390000	395000	400000	405000	410000	415000	420000	425000	430000	435000	440000	445000	450000	455000	460000	465000	470000	475000	480000	485000	490000	495000	500000

[30]
	10000	20000	30000	40000	50000	60000	70000	80000	90000	100000	110000	120000	130000	140000	150000	160000	170000	180000	190000	200000	210000	220000	230000	240000	250000	260000	270000	280000	290000	300000	310000	320000	330000	340000	350000	360000	370000	380000	390000	400000	410000	420000	430000	440000	450000	460000	470000	480000	490000	500000	510000	520000	530000	540000	550000	560000	570000	580000	590000	600000	610000	620000	630000	640000	650000	660000	670000	680000	690000	700000	710000	720000	730000	740000	750000	760000	770000	780000	790000	800000	810000	820000	830000	840000	850000	860000	870000	880000	890000	900000	910000	920000	930000	940000	950000	960000	970000	980000	990000	1000000
