#PVF_File

[0]
	-145	56	-195	56	-145	11

[1]
	-50	67	-74	68	-50	17

[2]
	68	40	68	40	15	15

[3]
	77	-10	77	-18	16	-10

[4]
	61	-60	60	-81	21	-60

[5]
	-32	-84	-58	-106	-32	-84

[6]
	-147	-58	-197	-78	-147	-58

[7]
	-164	8	-214	-7	-164	8

[8]
	-143	53	-192	53	-143	14

[9]
	-21	59	-46	61	-21	18

[10]
	60	42	59	43	20	20

[11]
	75	-18	75	-29	23	-18

[12]
	69	-64	66	-84	13	-64

[13]
	-36	-77	-63	-97	-36	-77

[14]
	-48	-67	-68	-91	-48	-67

[15]
	-100	-68	-120	-92	-100	-68

[16]
	-157	0	-207	-13	-157	0

[17]
	-12	-68	-38	-92	-12	-68
