#PVF_File

1	0	0	0	0
1000	0	0	0	0
0	0	0	0	0
0	0	0	0	0
0	0	0	0	2
0	0	0	0	1100
0	550	0	550	0
0	0	0	0	0
0	0	0	0	0
0	0	0	3	0
0	0	0	1200	0
1100	0	1100	0	0
0	0	0	0	0
0	0	0	0	0
0	0	4	0	0
0	0	1300	0	1650
0	1650	0	0	0
0	0	0	0	0
0	0	0	0	0
0	5	0	0	0
0	1400	0	2200	0
2200	0	0	0	0
0	0	0	0	0
0	0	0	0	0
6	0	0	0	0
1500	0	2750	0	2750
0	0	0	0	0
0	0	0	0	0
0	0	0	0	7
0	0	0	0	1600
0	3300	0	3300	0
0	0	0	0	0
0	0	0	0	0
0	0	0	8	0
0	0	0	1700	0
3850	0	3850	0	0
0	0	0	0	0
0	0	0	0	0
0	0	9	0	0
0	0	1800	0	4400
0	4400	0	0	0
0	0	0	0	0
0	0	0	0	0
0	10	0	0	0
0	1900	0	4950	0
4950	0	0	0	0
0	0	0	0	0
0	0	0	0	0
11	0	0	0	0
2000	0	5500	0	5500
0	0	0	0	0
0	0	0	0	0
0	0	0	0	12
0	0	0	0	2100
0	6050	0	6050	0
0	0	0	0	0
0	0	0	0	0
0	0	0	13	0
0	0	0	2200	0
6600	0	6600	0	0
0	0	0	0	0
0	0	0	0	0
0	0	14	0	0
0	0	2300	0	7150
0	7150	0	0	0
0	0	0	0	0
0	0	0	0	0
0	15	0	0	0
0	2400	0	7700	0
7700	0	0	0	0
0	0	0	0	0
0	0	0	0	0
16	0	0	0	0
2500	0	8250	0	8250
0	0	0	0	0
0	0	0	0	0
0	0	0	0	17
0	0	0	0	2600
0	8800	0	8800	0
0	0	0	0	0
0	0	0	0	0
0	0	0	18	0
0	0	0	2700	0
9350	0	9350	0	0
0	0	0	0	0
0	0	0	0	0
0	0	19	0	0
0	0	2800	0	9900
0	9900	0	0	0
0	0	0	0	0
0	0	0	0	0
0	20	0	0	0
0	2900	0	10450	0
10450	0	0	0	0
0	0	0	0	0
0	0	0	0	0
21	0	0	0	0
3000	0	11000	0	11000
0	0	0	0	0
0	0	0	0	0
0	0	0	0	22
0	0	0	0	3100
0	11550	0	11550	0
0	0	0	0	0
0	0	0	0	0
0	0	0	23	0
0	0	0	3200	0
12100	0	12100	0	0
0	0	0	0	0
0	0	0	0	0
0	0	24	0	0
0	0	3300	0	12650
0	12650	0	0	0
0	0	0	0	0
0	0	0	0	0
0	25	0	0	0
0	3400	0	13200	0
13200	0	0	0	0
0	0	0	0	0
0	0	0	0	0
26	0	0	0	0
3500	0	13750	0	13750
0	0	0	0	0
0	0	0	0	0
0	0	0	0	27
0	0	0	0	3600
0	14300	0	14300	0
0	0	0	0	0
0	0	0	0	0
0	0	0	28	0
0	0	0	3700	0
14850	0	14850	0	0
0	0	0	0	0
0	0	0	0	0
0	0	29	0	0
0	0	3800	0	15400
0	15400	0	0	0
0	0	0	0	0
0	0	0	0	0
0	30	0	0	0
0	3900	0	15950	0
15950	0	0	0	0
0	0	0	0	0
0	0	0	0	0
31	0	0	0	0
4000	0	16500	0	16500
0	0	0	0	0
0	0	0	0	0
0	0	0	0	32
0	0	0	0	4100
0	17050	0	17050	0
0	0	0	0	0
0	0	0	0	0
0	0	0	33	0
0	0	0	4200	0
17600	0	17600	0	0
0	0	0	0	0
0	0	0	0	0
0	0	34	0	0
0	0	4300	0	18150
0	18150	0	0	0
0	0	0	0	0
0	0	0	0	0
0	35	0	0	0
0	4400	0	18700	0
18700	0	0	0	0
0	0	0	0	0
0	0	0	0	0
36	0	0	0	0
4500	0	19250	0	19250
0	0	0	0	0
0	0	0	0	0
0	0	0	0	37
0	0	0	0	4600
0	19800	0	19800	0
0	0	0	0	0
0	0	0	0	0
0	0	0	38	0
0	0	0	4700	0
20350	0	20350	0	0
0	0	0	0	0
0	0	0	0	0
0	0	39	0	0
0	0	4800	0	20900
0	20900	0	0	0
0	0	0	0	0
0	0	0	0	0
0	40	0	0	0
0	4900	0	21450	0
21450	0	0	0	0
0	0	0	0	0
0	0	0	0	0
41	0	0	0	0
5000	0	22000	0	22000
0	0	0	0	0
0	0	0	0	0
0	0	0	0	42
0	0	0	0	5100
0	22550	0	22550	0
0	0	0	0	0
0	0	0	0	0
0	0	0	43	0
0	0	0	5200	0
23100	0	23100	0	0
0	0	0	0	0
0	0	0	0	0
0	0	44	0	0
0	0	5300	0	23650
0	23650	0	0	0
0	0	0	0	0
0	0	0	0	0
0	45	0	0	0
0	5400	0	24200	0
24200	0	0	0	0
0	0	0	0	0
0	0	0	0	0
46	0	0	0	0
5500	0	24750	0	24750
0	0	0	0	0
0	0	0	0	0
0	0	0	0	47
0	0	0	0	5600
0	25300	0	25300	0
0	0	0	0	0
0	0	0	0	0
0	0	0	48	0
0	0	0	5700	0
25850	0	25850	0	0
0	0	0	0	0
0	0	0	0	0
0	0	49	0	0
0	0	5800	0	26400
0	26400	0	0	0
0	0	0	0	0
0	0	0	0	0
0	50	0	0	0
0	5900	0	26950	0
26950	0	0	0	0
0	0	0	0	0
0	0	0	0	0
51	0	0	0	0
6000	0	27500	0	27500
0	0	0	0	0
0	0	0	0	0
0	0	0	0	52
0	0	0	0	6100
0	28050	0	28050	0
0	0	0	0	0
0	0	0	0	0
0	0	0	53	0
0	0	0	6200	0
28600	0	28600	0	0
0	0	0	0	0
0	0	0	0	0
0	0	54	0	0
0	0	6300	0	29150
0	29150	0	0	0
0	0	0	0	0
0	0	0	0	0
0	55	0	0	0
0	6400	0	29700	0
29700	0	0	0	0
0	0	0	0	0
0	0	0	0	0
56	0	0	0	0
6500	0	30250	0	30250
0	0	0	0	0
0	0	0	0	0
0	0	0	0	57
0	0	0	0	6600
0	30800	0	30800	0
0	0	0	0	0
0	0	0	0	0
0	0	0	58	0
0	0	0	6700	0
31350	0	31350	0	0
0	0	0	0	0
0	0	0	0	0
0	0	59	0	0
0	0	6800	0	31900
0	31900	0	0	0
0	0	0	0	0
0	0	0	0	0
0	60	0	0	0
0	6900	0	32450	0
32450	0	0	0	0
0	0	0	0	0
0	0	0	0	0
61	0	0	0	0
7000	0	33000	0	33000
0	0	0	0	0
0	0	0	0	0
0	0	0	0	62
0	0	0	0	7100
0	33550	0	33550	0
0	0	0	0	0
0	0	0	0	0
0	0	0	63	0
0	0	0	7200	0
34100	0	34100	0	0
0	0	0	0	0
0	0	0	0	0
0	0	64	0	0
0	0	7300	0	34650
0	34650	0	0	0
0	0	0	0	0
0	0	0	0	0
0	65	0	0	0
0	7400	0	35200	0
35200	0	0	0	0
0	0	0	0	0
0	0	0	0	0
66	0	0	0	0
7500	0	35750	0	35750
0	0	0	0	0
0	0	0	0	0
0	0	0	0	67
0	0	0	0	7600
0	36300	0	36300	0
0	0	0	0	0
0	0	0	0	0
0	0	0	68	0
0	0	0	7700	0
36850	0	36850	0	0
0	0	0	0	0
0	0	0	0	0
0	0	69	0	0
0	0	7800	0	37400
0	37400	0	0	0
0	0	0	0	0
0	0	0	0	0
0	70	0	0	0
0	7900	0	37950	0
37950	0	0	0	0
0	0	0	0	0
0	0	0	0	0
71	0	0	0	0
8000	0	38500	0	38500
0	0	0	0	0
0	0	0	0	0
0	0	0	0	72
0	0	0	0	8100
0	39050	0	39050	0
0	0	0	0	0
0	0	0	0	0
0	0	0	73	0
0	0	0	8200	0
39600	0	39600	0	0
0	0	0	0	0
0	0	0	0	0
0	0	74	0	0
0	0	8300	0	40150
0	40150	0	0	0
0	0	0	0	0
0	0	0	0	0
0	75	0	0	0
0	8400	0	40700	0
40700	0	0	0	0
0	0	0	0	0
0	0	0	0	0
76	0	0	0	0
8500	0	41250	0	41250
0	0	0	0	0
0	0	0	0	0
0	0	0	0	77
0	0	0	0	8600
0	41800	0	41800	0
0	0	0	0	0
0	0	0	0	0
0	0	0	78	0
0	0	0	8700	0
42350	0	42350	0	0
0	0	0	0	0
0	0	0	0	0
0	0	79	0	0
0	0	8800	0	42900
0	42900	0	0	0
0	0	0	0	0
0	0	0	0	0
0	80	0	0	0
0	8900	0	43450	0
43450	0	0	0	0
0	0	0	0	0
0	0	0	0	0
81	0	0	0	0
9000	0	44000	0	44000
0	0	0	0	0
0	0	0	0	0
0	0	0	0	82
0	0	0	0	9100
0	44550	0	44550	0
0	0	0	0	0
0	0	0	0	0
0	0	0	83	0
0	0	0	9200	0
45100	0	45100	0	0
0	0	0	0	0
0	0	0	0	0
0	0	84	0	0
0	0	9300	0	45650
0	45650	0	0	0
0	0	0	0	0
0	0	0	0	0
0	85	0	0	0
0	9400	0	46200	0
46200	0	0	0	0
0	0	0	0	0
0	0	0	0	0
86	0	0	0	0
9500	0	46750	0	46750
0	0	0	0	0
0	0	0	0	0
0	0	0	0	87
0	0	0	0	9600
0	47300	0	47300	0
0	0	0	0	0
0	0	0	0	0
0	0	0	88	0
0	0	0	9700	0
47850	0	47850	0	0
0	0	0	0	0
0	0	0	0	0
0	0	89	0	0
0	0	9800	0	48400
0	48400	0	0	0
0	0	0	0	0
0	0	0	0	0
0	90	0	0	0
0	9900	0	48950	0
48950	0	0	0	0
0	0	0	0	0
0	0	0	0	0
91	0	0	0	0
10000	0	49500	0	49500
0	0	0	0	0
0	0	0	0	0
0	0	0	0	92
0	0	0	0	10100
0	50050	0	50050	0
0	0	0	0	0
0	0	0	0	0
0	0	0	93	0
0	0	0	10200	0
50600	0	50600	0	0
0	0	0	0	0
0	0	0	0	0
0	0	94	0	0
0	0	10300	0	51150
0	51150	0	0	0
0	0	0	0	0
0	0	0	0	0
0	95	0	0	0
0	10400	0	51700	0
51700	0	0	0	0
0	0	0	0	0
0	0	0	0	0
96	0	0	0	0
10500	0	52250	0	52250
0	0	0	0	0
0	0	0	0	0
0	0	0	0	97
0	0	0	0	10600
0	52800	0	52800	0
0	0	0	0	0
0	0	0	0	0
0	0	0	98	0
0	0	0	10700	0
53350	0	53350	0	0
0	0	0	0	0
0	0	0	0	0
0	0	99	0	0
0	0	10800	0	53900
0	53900	0	0	0
0	0	0	0	0
0	0	0	0	0
0	100	0	0	0
0	10900	0	54450	0
54450	0	0	0	0
0	0	0	0	0
0	0	0	0	0
