#PVF_File

1	5	5	5	5	51	45	11	14	11	14	0	0	0	0	0	0	0	0	0	0	0	0	0
2	10	10	10	10	84	79	15	42	15	42	0	0	0	0	0	0	0	0	0	0	2	2	0
3	15	15	15	15	120	115	19	83	19	83	0	0	0	0	0	0	0	0	0	0	4	4	0
4	20	20	20	20	157	154	24	139	24	139	0	0	0	0	0	0	0	0	0	0	6	6	0
5	25	25	25	25	197	195	28	208	28	208	0	0	0	0	0	0	0	0	0	0	8	8	0
6	30	30	30	30	239	239	32	291	32	291	0	0	0	0	0	0	0	0	0	0	10	10	0
7	35	35	35	35	283	285	36	388	36	388	0	0	0	0	0	0	0	0	0	0	12	12	0
8	40	40	40	40	332	334	41	499	41	499	0	0	0	0	0	0	0	0	0	0	14	14	0
9	45	45	45	45	382	384	45	624	45	624	1	1	0	0	0	0	0	0	0	0	16	16	0
10	50	50	50	50	436	438	49	762	49	762	1	1	0	0	0	0	0	0	0	0	18	18	0
11	55	55	55	55	492	494	57	915	57	915	1	1	0	0	0	0	0	0	0	0	20	20	0
12	60	60	60	60	552	552	62	1081	62	1081	1	1	0	0	0	0	0	0	0	0	22	22	0
13	65	65	65	65	617	613	66	1261	66	1261	1	1	0	0	0	0	0	0	0	0	24	24	0
14	70	70	70	70	685	676	71	1455	71	1455	1	1	0	0	0	0	0	0	0	0	26	26	0
15	75	75	75	75	757	741	75	1663	75	1663	1	1	0	0	0	0	0	0	0	0	28	28	0
16	80	80	80	80	835	809	80	1885	80	1885	1	1	0	0	0	0	0	0	0	0	30	30	0
17	85	85	85	85	915	879	84	2121	84	2121	1	1	0	0	0	0	0	0	0	0	32	32	0
18	90	90	90	90	1003	952	89	2370	89	2370	1	1	0	0	0	0	0	0	0	0	34	34	0
19	95	95	95	95	1094	1028	93	2633	93	2633	1	1	0	0	0	0	0	0	0	0	36	36	0
20	100	100	100	100	1191	1105	98	2911	98	2911	1	1	0	0	0	0	0	0	0	0	38	38	0
21	105	105	105	105	1295	1185	109	3202	109	3202	1	1	0	0	0	0	0	0	0	0	40	40	0
22	110	110	110	110	1405	1268	114	3507	114	3507	1	1	0	0	0	0	0	0	0	0	42	42	0
23	115	115	115	115	1523	1353	119	3825	119	3825	2	2	0	0	0	0	0	0	0	0	44	44	0
24	120	120	120	120	1647	1440	124	4158	124	4158	2	2	0	0	0	0	0	0	0	0	46	46	0
25	125	125	125	125	1778	1530	128	4505	128	4505	2	2	0	0	0	0	0	0	0	0	48	48	0
26	130	130	130	130	1918	1622	133	4865	133	4865	2	2	0	0	0	0	0	0	0	0	50	50	0
27	135	135	135	135	2066	1717	138	5239	138	5239	2	2	0	0	0	0	0	0	0	0	52	52	0
28	140	140	140	140	2224	1814	143	5627	143	5627	2	2	0	0	0	0	0	0	0	0	54	54	0
29	145	145	145	145	2391	1914	148	6029	148	6029	2	2	0	0	0	0	0	0	0	0	56	56	0
30	150	150	150	150	2570	2016	153	6445	153	6445	2	2	0	0	0	0	0	0	0	0	58	58	0
31	155	155	155	155	2760	2120	167	6875	167	6875	2	2	0	0	0	0	0	0	0	0	60	60	0
32	160	160	160	160	2960	2227	172	7318	172	7318	2	2	0	0	0	0	0	0	0	0	62	62	0
33	165	165	165	165	3176	2336	177	7775	177	7775	2	2	0	0	0	0	0	0	0	0	64	64	0
34	170	170	170	170	3404	2448	182	8247	182	8247	2	2	0	0	0	0	0	0	0	0	66	66	0
35	175	175	175	175	3646	2562	187	8732	187	8732	2	2	0	0	0	0	0	0	0	0	68	68	0
36	180	180	180	180	3904	2678	192	9231	192	9231	2	2	0	0	0	0	0	0	0	0	70	70	0
37	185	185	185	185	4180	2797	198	9744	198	9744	3	3	0	0	0	0	0	0	0	0	72	72	0
38	190	190	190	190	4473	2919	203	10270	203	10270	3	3	0	0	0	0	0	0	0	0	74	74	0
39	195	195	195	195	4785	3043	208	10811	208	10811	3	3	0	0	0	0	0	0	0	0	76	76	0
40	200	200	200	200	5117	3169	213	11365	213	11365	3	3	0	0	0	0	0	0	0	0	78	78	0
41	205	205	205	205	5493	3298	230	11933	230	11933	3	3	0	0	0	0	0	0	0	0	80	80	0
42	210	210	210	210	5887	3429	236	12516	236	12516	3	3	0	0	0	0	0	0	0	0	82	82	0
43	215	215	215	215	6299	3562	241	13112	241	13112	3	3	0	0	0	0	0	0	0	0	84	84	0
44	220	220	220	220	6732	3698	246	13721	246	13721	3	3	0	0	0	0	0	0	0	0	86	86	0
45	225	225	225	225	7187	3837	252	14345	252	14345	3	3	0	0	0	0	0	0	0	0	88	88	0
46	230	230	230	230	7662	3978	257	14983	257	14983	3	3	0	0	0	0	0	0	0	0	90	90	0
47	235	235	235	235	8161	4121	263	15634	263	15634	3	3	0	0	0	0	0	0	0	0	92	92	0
48	240	240	240	240	8685	4267	268	16299	268	16299	3	3	0	0	0	0	0	0	0	0	94	94	0
49	245	245	245	245	9233	4415	273	16979	273	16979	3	3	0	0	0	0	0	0	0	0	96	96	0
50	250	250	250	250	9810	4565	279	17672	279	17672	3	3	0	0	0	0	0	0	0	0	98	98	0
51	255	255	255	255	10415	4718	299	18378	299	18378	4	4	0	0	0	0	0	0	0	0	100	100	0
52	260	260	260	260	11048	4874	305	19099	305	19099	4	4	0	0	0	0	0	0	0	0	102	102	0
53	265	265	265	265	11713	5032	311	19834	311	19834	4	4	0	0	0	0	0	0	0	0	104	104	0
54	270	270	270	270	12409	5192	316	20582	316	20582	4	4	0	0	0	0	0	0	0	0	106	106	0
55	275	275	275	275	13140	5355	322	21344	322	21344	6	6	0	0	0	0	0	0	0	0	108	108	0
56	280	280	280	280	13919	5520	328	22121	328	22121	6	6	0	0	0	0	0	0	0	0	110	110	0
57	285	285	285	285	14750	5687	333	22911	333	22911	6	6	0	0	0	0	0	0	0	0	112	112	0
58	290	290	290	290	15635	5857	339	23714	339	23714	6	6	0	0	0	0	0	0	0	0	114	114	0
59	295	295	295	295	16581	6030	345	24532	345	24532	6	6	0	0	0	0	0	0	0	0	116	116	0
60	300	300	300	300	17591	6205	351	25364	351	25364	8	8	0	0	0	0	0	0	0	0	118	118	0
61	305	305	305	305	21471	6382	374	26209	374	26209	8	8	0	0	0	0	0	0	0	0	120	120	0
62	310	310	310	310	22714	6562	380	27069	380	27069	8	8	0	0	0	0	0	0	0	0	122	122	0
63	315	315	315	315	24043	6744	386	27942	386	27942	8	8	0	0	0	0	0	0	0	0	124	124	0
64	320	320	320	320	25468	6928	392	28829	392	28829	8	8	0	0	0	0	0	0	0	0	126	126	0
65	325	325	325	325	26993	7115	398	29730	398	29730	10	10	0	0	0	0	0	0	0	0	128	128	0
66	330	330	330	330	28629	7305	404	30644	404	30644	11	11	0	0	0	0	0	0	0	0	130	130	0
67	335	335	335	335	30383	7497	410	31573	410	31573	11	11	0	0	0	0	0	0	0	0	132	132	0
68	340	340	340	340	32266	7691	416	32516	416	32516	11	11	0	0	0	0	0	0	0	0	134	134	0
69	345	345	345	345	34287	7888	422	33472	422	33472	11	11	0	0	0	0	0	0	0	0	136	136	0
70	350	350	350	350	36461	8087	428	34442	428	34442	11	11	0	0	0	0	0	0	0	0	138	138	0
71	355	355	355	355	38950	8289	434	35426	434	35426	11	11	0	0	0	0	0	0	0	0	140	140	0
72	360	360	360	360	41512	8493	440	36424	440	36424	11	11	0	0	0	0	0	0	0	0	142	142	0
73	365	365	365	365	44208	8699	446	37436	446	37436	11	11	0	0	0	0	0	0	0	0	144	144	0
74	370	370	370	370	47044	8908	452	38462	452	38462	11	11	0	0	0	0	0	0	0	0	146	146	0
75	375	375	375	375	50028	9119	458	39501	458	39501	11	11	0	0	0	0	0	0	0	0	148	148	0
76	380	380	380	380	53167	9333	464	40554	464	40554	11	11	0	0	0	0	0	0	0	0	150	150	0
77	385	385	385	385	56467	9549	470	41622	470	41622	11	11	0	0	0	0	0	0	0	0	152	152	0
78	390	390	390	390	59934	9768	476	42703	476	42703	11	11	0	0	0	0	0	0	0	0	154	154	0
79	395	395	395	395	63578	9989	482	43798	482	43798	11	11	0	0	0	0	0	0	0	0	156	156	0
80	400	400	400	400	67406	10212	488	44906	488	44906	12	12	0	0	0	0	0	0	0	0	158	158	0
81	405	405	405	405	71428	10438	494	46029	494	46029	12	12	0	0	0	0	0	0	0	0	160	160	0
82	410	410	410	410	75649	10667	500	47166	500	47166	12	12	0	0	0	0	0	0	0	0	162	162	0
83	415	415	415	415	80080	10897	506	48316	506	48316	12	12	0	0	0	0	0	0	0	0	164	164	0
84	420	420	420	420	84731	11130	512	49480	512	49480	12	12	0	0	0	0	0	0	0	0	166	166	0
85	425	425	425	425	89612	11366	518	50658	518	50658	12	12	0	0	0	0	0	0	0	0	168	168	0
86	430	430	430	430	94732	11604	524	51850	524	51850	12	12	0	0	0	0	0	0	0	0	170	170	0
87	435	435	435	435	100103	11845	530	53056	530	53056	12	12	0	0	0	0	0	0	0	0	172	172	0
88	440	440	440	440	105735	12088	536	54276	536	54276	12	12	0	0	0	0	0	0	0	0	174	174	0
89	445	445	445	445	111639	12333	542	55509	542	55509	12	12	0	0	0	0	0	0	0	0	176	176	0
90	450	450	450	450	117830	12581	548	56757	548	56757	12	12	0	0	0	0	0	0	0	0	178	178	0
91	455	455	455	455	123866	12831	554	58018	554	58018	12	12	0	0	0	0	0	0	0	0	180	180	0
92	460	460	460	460	130165	13083	560	59293	560	59293	12	12	0	0	0	0	0	0	0	0	182	182	0
93	465	465	465	465	136742	13339	566	60582	566	60582	12	12	0	0	0	0	0	0	0	0	184	184	0
94	470	470	470	470	143605	13596	572	61885	572	61885	13	13	0	0	0	0	0	0	0	0	186	186	0
95	475	475	475	475	150766	13856	578	63202	578	63202	13	13	0	0	0	0	0	0	0	0	188	188	0
96	480	480	480	480	158238	14118	584	64532	584	64532	13	13	0	0	0	0	0	0	0	0	190	190	0
97	485	485	485	485	166032	14383	590	65877	590	65877	13	13	0	0	0	0	0	0	0	0	192	192	0
98	490	490	490	490	174163	14650	596	67235	596	67235	13	13	0	0	0	0	0	0	0	0	194	194	0
99	495	495	495	495	182642	14920	601	68607	601	68607	13	13	0	0	0	0	0	0	0	0	196	196	0
100	500	500	500	500	191482	15192	607	69993	607	69993	13	13	0	0	0	0	0	0	0	0	198	198	0
101	505	505	505	505	188735	15364	614	70808	614	70808	13	13	0	0	0	0	0	0	0	0	200	200	0
102	510	510	510	510	194752	15613	620	72063	620	72063	13	13	0	0	0	0	0	0	0	0	202	202	0
103	515	515	515	515	200771	15862	626	73317	626	73317	13	13	0	0	0	0	0	0	0	0	204	204	0
104	520	520	520	520	206789	16111	632	74571	632	74571	13	13	0	0	0	0	0	0	0	0	206	206	0
105	525	525	525	525	212806	16360	638	75826	638	75826	13	13	0	0	0	0	0	0	0	0	208	208	0
106	530	530	530	530	218826	16609	644	77080	644	77080	13	13	0	0	0	0	0	0	0	0	210	210	0
107	535	535	535	535	224843	16858	649	78334	649	78334	13	13	0	0	0	0	0	0	0	0	212	212	0
108	540	540	540	540	230860	17107	655	79589	655	79589	13	13	0	0	0	0	0	0	0	0	214	214	0
109	545	545	545	545	236880	17356	661	80843	661	80843	14	14	0	0	0	0	0	0	0	0	216	216	0
110	550	550	550	550	242897	17605	667	82097	667	82097	14	14	0	0	0	0	0	0	0	0	218	218	0
111	555	555	555	555	248915	17854	673	83352	673	83352	14	14	0	0	0	0	0	0	0	0	220	220	0
112	560	560	560	560	254934	18103	679	84606	679	84606	14	14	0	0	0	0	0	0	0	0	222	222	0
113	565	565	565	565	260951	18352	685	85860	685	85860	14	14	0	0	0	0	0	0	0	0	224	224	0
114	570	570	570	570	266969	18601	691	87115	691	87115	14	14	0	0	0	0	0	0	0	0	226	226	0
115	575	575	575	575	272988	18850	697	88369	697	88369	14	14	0	0	0	0	0	0	0	0	228	228	0
116	580	580	580	580	279005	19099	703	89623	703	89623	14	14	0	0	0	0	0	0	0	0	230	230	0
117	585	585	585	585	285023	19348	709	90878	709	90878	14	14	0	0	0	0	0	0	0	0	232	232	0
118	590	590	590	590	291041	19597	715	92132	715	92132	14	14	0	0	0	0	0	0	0	0	234	234	0
119	595	595	595	595	297060	19846	721	93386	721	93386	14	14	0	0	0	0	0	0	0	0	236	236	0
120	600	600	600	600	303077	20095	727	94641	727	94641	14	14	0	0	0	0	0	0	0	0	238	238	0
121	605	605	605	605	309095	20344	733	95895	733	95895	14	14	0	0	0	0	0	0	0	0	240	240	0
122	610	610	610	610	315114	20593	739	97149	739	97149	14	14	0	0	0	0	0	0	0	0	242	242	0
123	615	615	615	615	321131	20842	745	98404	745	98404	14	14	0	0	0	0	0	0	0	0	244	244	0
124	620	620	620	620	327151	21091	751	99658	751	99658	14	14	0	0	0	0	0	0	0	0	246	246	0
125	625	625	625	625	333168	21340	757	100912	757	100912	15	15	0	0	0	0	0	0	0	0	248	248	0
126	630	630	630	630	339185	21589	763	102167	763	102167	15	15	0	0	0	0	0	0	0	0	250	250	0
127	635	635	635	635	345204	21838	769	103421	769	103421	15	15	0	0	0	0	0	0	0	0	252	252	0
128	640	640	640	640	351221	22087	775	104675	775	104675	15	15	0	0	0	0	0	0	0	0	254	254	0
129	645	645	645	645	357238	22336	781	105930	781	105930	15	15	0	0	0	0	0	0	0	0	256	256	0
130	650	650	650	650	363258	22585	787	107184	787	107184	15	15	0	0	0	0	0	0	0	0	258	258	0
131	655	655	655	655	369275	22834	793	108438	793	108438	15	15	0	0	0	0	0	0	0	0	260	260	0
132	660	660	660	660	375294	23083	799	109693	799	109693	15	15	0	0	0	0	0	0	0	0	262	262	0
133	665	665	665	665	381312	23332	805	110947	805	110947	15	15	0	0	0	0	0	0	0	0	264	264	0
134	670	670	670	670	387329	23581	811	112201	811	112201	15	15	0	0	0	0	0	0	0	0	266	266	0
135	675	675	675	675	393348	23830	817	113456	817	113456	15	15	0	0	0	0	0	0	0	0	268	268	0
136	680	680	680	680	399366	24079	823	114710	823	114710	15	15	0	0	0	0	0	0	0	0	270	270	0
137	685	685	685	685	405384	24328	829	115964	829	115964	15	15	0	0	0	0	0	0	0	0	272	272	0
138	690	690	690	690	411401	24577	835	117219	835	117219	15	15	0	0	0	0	0	0	0	0	274	274	0
139	695	695	695	695	417420	24826	841	118473	841	118473	15	15	0	0	0	0	0	0	0	0	276	276	0
140	700	700	700	700	423438	25075	847	119727	847	119727	16	16	0	0	0	0	0	0	0	0	278	278	0
141	705	705	705	705	429455	25324	853	120982	853	120982	16	16	0	0	0	0	0	0	0	0	280	280	0
142	710	710	710	710	435475	25573	859	122236	859	122236	16	16	0	0	0	0	0	0	0	0	282	282	0
143	715	715	715	715	441492	25822	865	123490	865	123490	16	16	0	0	0	0	0	0	0	0	284	284	0
144	720	720	720	720	447509	26070	871	124745	871	124745	16	16	0	0	0	0	0	0	0	0	286	286	0
145	725	725	725	725	453529	26319	877	125999	877	125999	16	16	0	0	0	0	0	0	0	0	288	288	0
146	730	730	730	730	459546	26568	883	127253	883	127253	16	16	0	0	0	0	0	0	0	0	290	290	0
147	735	735	735	735	465563	26817	888	128508	888	128508	16	16	0	0	0	0	0	0	0	0	292	292	0
148	740	740	740	740	471583	27066	894	129762	894	129762	16	16	0	0	0	0	0	0	0	0	294	294	0
149	745	745	745	745	477600	27315	900	131016	900	131016	16	16	0	0	0	0	0	0	0	0	296	296	0
150	750	750	750	750	483620	27564	906	132271	906	132271	16	16	0	0	0	0	0	0	0	0	298	298	0
151	755	755	755	755	489637	27813	912	133525	912	133525	16	16	0	0	0	0	0	0	0	0	300	300	0
152	760	760	760	760	495654	28062	918	134779	918	134779	16	16	0	0	0	0	0	0	0	0	302	302	0
153	765	765	765	765	501673	28311	924	136034	924	136034	16	16	0	0	0	0	0	0	0	0	304	304	0
154	770	770	770	770	507690	28560	930	137288	930	137288	16	16	0	0	0	0	0	0	0	0	306	306	0
155	775	775	775	775	513709	28809	936	138542	936	138542	16	16	0	0	0	0	0	0	0	0	308	308	0
156	780	780	780	780	519727	29058	942	139797	942	139797	17	17	0	0	0	0	0	0	0	0	310	310	0
157	785	785	785	785	525744	29307	948	141051	948	141051	17	17	0	0	0	0	0	0	0	0	312	312	0
158	790	790	790	790	531763	29556	954	142305	954	142305	17	17	0	0	0	0	0	0	0	0	314	314	0
159	795	795	795	795	537781	29805	960	143560	960	143560	17	17	0	0	0	0	0	0	0	0	316	316	0
160	800	800	800	800	543798	30054	966	144814	966	144814	17	17	0	0	0	0	0	0	0	0	318	318	0
161	805	805	805	805	549817	30303	972	146068	972	146068	17	17	0	0	0	0	0	0	0	0	320	320	0
162	810	810	810	810	555835	30552	978	147323	978	147323	17	17	0	0	0	0	0	0	0	0	322	322	0
163	815	815	815	815	561853	30801	984	148577	984	148577	17	17	0	0	0	0	0	0	0	0	324	324	0
164	820	820	820	820	567870	31050	990	149831	990	149831	17	17	0	0	0	0	0	0	0	0	326	326	0
165	825	825	825	825	573889	31299	996	151086	996	151086	17	17	0	0	0	0	0	0	0	0	328	328	0
166	830	830	830	830	579907	31548	1002	152340	1002	152340	17	17	0	0	0	0	0	0	0	0	330	330	0
167	835	835	835	835	585924	31797	1008	153594	1008	153594	17	17	0	0	0	0	0	0	0	0	332	332	0
168	840	840	840	840	591944	32046	1014	154849	1014	154849	17	17	0	0	0	0	0	0	0	0	334	334	0
169	845	845	845	845	597961	32295	1020	156103	1020	156103	17	17	0	0	0	0	0	0	0	0	336	336	0
170	850	850	850	850	603978	32544	1026	157357	1026	157357	17	17	0	0	0	0	0	0	0	0	338	338	0
171	855	855	855	855	609998	32793	1032	158612	1032	158612	17	17	0	0	0	0	0	0	0	0	340	340	0
172	860	860	860	860	616015	33042	1038	159866	1038	159866	18	18	0	0	0	0	0	0	0	0	342	342	0
173	865	865	865	865	622033	33291	1044	161120	1044	161120	18	18	0	0	0	0	0	0	0	0	344	344	0
174	870	870	870	870	628052	33540	1050	162375	1050	162375	18	18	0	0	0	0	0	0	0	0	346	346	0
175	875	875	875	875	634069	33789	1056	163629	1056	163629	18	18	0	0	0	0	0	0	0	0	348	348	0
176	880	880	880	880	640087	34038	1062	164883	1062	164883	18	18	0	0	0	0	0	0	0	0	350	350	0
177	885	885	885	885	646106	34287	1068	166138	1068	166138	18	18	0	0	0	0	0	0	0	0	352	352	0
178	890	890	890	890	652123	34536	1074	167392	1074	167392	18	18	0	0	0	0	0	0	0	0	354	354	0
179	895	895	895	895	658141	34785	1080	168646	1080	168646	18	18	0	0	0	0	0	0	0	0	356	356	0
180	900	900	900	900	664160	35034	1086	169901	1086	169901	18	18	0	0	0	0	0	0	0	0	358	358	0
181	905	905	905	905	670178	35283	1092	171155	1092	171155	18	18	0	0	0	0	0	0	0	0	360	360	0
182	910	910	910	910	676195	35532	1098	172409	1098	172409	18	18	0	0	0	0	0	0	0	0	362	362	0
183	915	915	915	915	682213	35781	1104	173663	1104	173663	18	18	0	0	0	0	0	0	0	0	364	364	0
184	920	920	920	920	688232	36030	1110	174918	1110	174918	18	18	0	0	0	0	0	0	0	0	366	366	0
185	925	925	925	925	694249	36279	1116	176172	1116	176172	18	18	0	0	0	0	0	0	0	0	368	368	0
186	930	930	930	930	700269	36528	1122	177426	1122	177426	18	18	0	0	0	0	0	0	0	0	370	370	0
187	935	935	935	935	706286	36777	1128	178681	1128	178681	19	19	0	0	0	0	0	0	0	0	372	372	0
188	940	940	940	940	712303	37026	1133	179935	1133	179935	19	19	0	0	0	0	0	0	0	0	374	374	0
189	945	945	945	945	718323	37275	1139	181189	1139	181189	19	19	0	0	0	0	0	0	0	0	376	376	0
190	950	950	950	950	724340	37524	1145	182444	1145	182444	19	19	0	0	0	0	0	0	0	0	378	378	0
191	955	955	955	955	730357	37773	1151	183698	1151	183698	19	19	0	0	0	0	0	0	0	0	380	380	0
192	960	960	960	960	736376	38022	1157	184952	1157	184952	19	19	0	0	0	0	0	0	0	0	382	382	0
193	965	965	965	965	742393	38271	1163	186207	1163	186207	19	19	0	0	0	0	0	0	0	0	384	384	0
194	970	970	970	970	748412	38520	1169	187461	1169	187461	19	19	0	0	0	0	0	0	0	0	386	386	0
195	975	975	975	975	754430	38769	1175	188715	1175	188715	19	19	0	0	0	0	0	0	0	0	388	388	0
196	980	980	980	980	760447	39018	1181	189970	1181	189970	19	19	0	0	0	0	0	0	0	0	390	390	0
197	985	985	985	985	766466	39267	1187	191224	1187	191224	19	19	0	0	0	0	0	0	0	0	392	392	0
198	990	990	990	990	772484	39516	1193	192478	1193	192478	19	19	0	0	0	0	0	0	0	0	394	394	0
199	995	995	995	995	778503	39765	1199	193733	1199	193733	19	19	0	0	0	0	0	0	0	0	396	396	0
200	1000	1000	1000	1000	784520	40014	1205	194987	1205	194987	19	19	0	0	0	0	0	0	0	0	398	398	0
