#PVF_File

1000
2653
5543
10575
18509
30205
46627
68840
98012
135412
182411
240483
311203
396249
497399
1239688
1534006
1885334
2300282
2787728
3355310
4033184
4839232
5763760
6820416
8020714
9380072
10915076
12639590
14572150
16728142
19128162
21794136
24744152
28002372
31588610
35529368
39852658
44581342
49745942
55371256
61689344
68770982
76447456
84759054
93738288
103428560
113875264
125114934
137196268
150158322
164489524
180308306
197224752
215300640
234585304
255144498
277046516
300345788
325114788
351411122
380151278
411518866
444741310
479907934
517089518
556380310
597877704
641658756
687825996
736460372
789142148
846140348
907708440
974140190
1045711434
1122742092
1205567412
1294500872
1389906232
1492122618
1603951898
1726032936
1858985448
2003505318
2146483647
2146483650
1256779605
1355822224
1462565224
1577417727
1700841882
1833319630
1975309387
2127330010
-2005093948
-1831470394
-1646186759
-1448695754