#PVF_File

300
300
300
300
400
400
500
600
700
800
800
900
1000
1200
1300
1400
1500
1600
1700
1800
1900
2000
2200
2300
2400
2500
2600
2800
2900
3000
3200
3300
3500
3600
3800
3900
4100
4200
4400
4500
4700
5000
5200
5400
5600
5900
6100
6300
6500
6800
7000
7000
7000
7000
7500
7500
7500
7500
7500
8000
8000
8000
8000
8000
8500
8500
8500
8500
8500
9000
9000
9000
9000
9000
9500
9500
9500
9500
9500
10000
10000
10000
10000
10000
10000
10000
10000
10000
10000
10000
10000
10000
10000
10000
10000
10000
10000
10000
10000